NA NA
-74.955567	20.006769
-74.972938	20.000000
NA NA
-87.492360	20.018504
-87.502003	20.000000
NA NA
-96.457271	20.002076
-96.456138	20.000000
NA NA
-105.356469	20.044319
-105.348828	20.000000
NA NA
-78.076858	26.819632
-78.109714	26.829019
-78.086245	26.779736
-78.053390	26.779736
-77.966557	26.711677
-77.933701	26.573214
-78.011147	26.650660
-78.130835	26.711677
-78.273992	26.699943
-78.473473	26.631885
-78.694076	26.573214
-78.935800	26.582602
-79.001511	26.699943
-78.870088	26.699943
-78.726931	26.721065
-78.506329	26.800857
-78.339703	26.850141
-78.187159	26.850141
-78.076858	26.819632
NA NA
-77.128737	26.345571
-77.095881	26.561480
-77.095881	26.512196
-77.095881	26.404242
-77.138124	26.293941
-77.203835	26.164865
-77.248425	25.916100
-77.370461	26.085072
-77.325871	26.124969
-77.304749	26.195374
-77.314136	26.315062
-77.260159	26.484034
-77.239038	26.561480
-77.203835	26.582602
-77.138124	26.462913
-77.128737	26.345571
NA NA
-77.382195	25.038384
-77.325871	25.087668
-77.325871	25.108789
-77.403316	25.108789
-77.534739	25.097055
-77.558207	25.026650
-77.382195	25.038384
NA NA
-78.109714	25.078280
-78.065124	25.068893
-78.044002	24.977366
-77.943088	24.857678
-77.844521	24.735642
-77.832787	24.594832
-77.844521	24.505652
-77.865643	24.435247
-77.954822	24.374230
-78.086245	24.362495
-78.142569	24.414126
-78.220015	24.505652
-78.374906	24.594832
-78.407762	24.726255
-78.374906	24.827169
-78.318582	24.967979
-78.297460	25.097055
-78.306848	25.188581
-78.229402	25.197969
-78.154303	25.207356
-78.109714	25.078280
NA NA
-77.790544	24.313212
-77.778810	24.322599
-77.844521	24.252194
-77.921967	24.151280
-77.910233	24.080875
-77.790544	24.141893
-77.701364	24.282703
-77.790544	24.313212
NA NA
-77.832787	24.010470
-77.680243	24.212298
-77.645040	24.059754
-77.612185	23.869660
-77.645040	23.787521
-77.778810	23.839151
-77.832787	24.010470
NA NA
-76.246327	25.197969
-76.246327	25.258986
-76.222858	25.207356
-76.201737	25.127564
-76.201737	25.038384
-76.201737	24.946857
-76.213471	24.806047
-76.213471	24.695746
-76.333159	24.787273
-76.368362	24.906961
-76.300304	24.967979
-76.279182	25.108789
-76.246327	25.197969
NA NA
-75.441362	24.343721
-75.385038	24.353108
-75.363916	24.273316
-75.342795	24.172402
-75.417894	24.151280
-75.528195	24.181789
-75.485952	24.313212
-75.551663	24.423513
-75.629109	24.545549
-75.748797	24.686359
-75.805121	24.766151
-75.727676	24.756764
-75.638496	24.665237
-75.572785	24.564323
-75.495339	24.435247
-75.441362	24.343721
NA NA
-74.526096	24.163014
-74.580074	24.080875
-74.591808	24.001083
-74.481506	24.010470
-74.427529	24.163014
-74.514362	24.163014
NA NA
-75.298205	23.595080
-75.265349	23.543450
-75.220760	23.433149
-75.176170	23.289992
-75.122192	23.198465
-75.000157	23.158569
-74.922711	22.994291
-74.922711	22.914498
-74.988423	23.036534
-75.131580	23.116326
-75.187904	23.250096
-75.209025	23.360397
-75.220760	23.463658
-75.298205	23.595080
NA NA
-74.096626	22.658693
-74.096626	22.710324
-74.096626	22.719711
-74.096626	22.729098
-74.096626	22.710324
-74.129481	22.729098
-74.174071	22.729098
-74.249170	22.719711
-74.317228	22.729098
-74.404061	22.790116
-74.415795	22.832359
-74.382939	22.872255
-74.272638	22.832359
-74.150603	22.750220
-74.019180	22.750220
-73.953469	22.689202
-73.941734	22.534311
-74.084891	22.360645
-74.260904	22.229222
-74.305494	22.330136
-74.174071	22.454519
-74.063770	22.576554
-74.096626	22.658693
NA NA
-72.773011	22.341870
-72.826988	22.433397
-72.972491	22.442784
-73.148504	22.372379
-72.981879	22.391154
-72.862190	22.341870
-72.773011	22.341870
NA NA
-72.221504	21.971070
-72.099469	22.034435
-72.012636	21.961683
-71.890601	21.910053
-71.759178	21.849035
-71.604287	21.755162
-71.583165	21.724653
-71.702854	21.745774
-71.902335	21.879544
-72.057226	21.931174
-72.242626	21.818526
-72.376395	21.806792
-72.331806	21.888931
-72.221504	21.971070
NA NA
-73.047590	21.396096
-73.071059	21.396096
-73.071059	21.229471
-73.103914	21.086314
-73.235337	21.004174
-73.455940	20.971319
-73.655421	20.961931
-73.643686	21.168453
-73.455940	21.250592
-73.291661	21.198962
-73.148504	21.302222
-73.047590	21.396096
NA NA
-80.071668	22.933273
-79.907389	22.811237
-79.785354	22.771341
-79.663318	22.637572
-79.499040	22.485027
-79.355883	22.421663
-79.200992	22.402888
-79.046101	22.454519
-78.881822	22.402888
-78.780908	22.341870
-78.715197	22.421663
-78.583774	22.320749
-78.771521	22.360645
-78.703463	22.330136
-78.506329	22.229222
-78.374906	22.186979
-78.208281	22.074331
-78.097979	21.971070
-78.011147	21.879544
-77.943088	21.867810
-77.778810	21.827914
-77.656774	21.827914
-77.534739	21.736387
-77.436172	21.694144
-77.403316	21.755162
-77.304749	21.684757
-77.194448	21.600271
-77.084147	21.539253
-77.006701	21.457114
-76.917521	21.396096
-76.764977	21.332731
-76.687532	21.271714
-76.621820	21.241205
-76.598352	21.271714
-76.488051	21.271714
-76.290916	21.168453
-76.091435	21.126210
-75.915423	21.137944
-75.772266	21.137944
-75.706554	21.055805
-75.715942	20.961931
-75.793387	20.858671
-75.748797	20.764797
-75.629109	20.713167
-75.495339	20.755410
-75.319327	20.755410
-75.077603	20.755410
-74.857000	20.682658
-74.791289	20.567663
-74.690375	20.485524
-74.526096	20.361142
-74.371205	20.349407
-74.260904	20.340020
-74.206927	20.267268
-74.228048	20.152273
-74.394674	20.131152
-74.603542	20.091256
-74.955567	20.006769
NA NA
-77.710809	20.000000
-77.713098	20.006769
-77.403316	20.267268
-77.149858	20.494911
-77.227304	20.631028
-77.501883	20.713167
-77.778810	20.703780
-78.020534	20.722554
-78.229402	20.837549
-78.450005	20.961931
-78.518063	21.147331
-78.593162	21.365587
-78.715197	21.569762
-78.947534	21.612005
-79.245582	21.569762
-79.475572	21.612005
-79.729030	21.694144
-79.928511	21.694144
NA NA
-78.053390	22.290240
-78.163691	22.341870
-78.187159	22.290240
-78.285726	22.391154
-78.142569	22.238610
-78.086245	22.114227
-77.975944	22.043822
-77.900845	21.992192
-77.755341	21.919440
-77.689630	21.919440
-77.701364	22.013314
-77.778810	22.125962
-77.921967	22.217488
-78.053390	22.290240
NA NA
-81.449260	30.107548
-81.395283	29.924495
-81.350693	29.762563
-81.273247	29.579510
-81.207536	29.405844
-81.141825	29.250953
-81.019789	29.077287
-80.876632	28.884847
-80.745209	28.671285
-80.700620	28.563330
-80.677151	28.427214
-80.688885	28.223039
-80.644296	27.969581
-80.545728	27.842852
-80.468283	27.655105
-80.381450	27.439196
-80.271149	27.204513
-80.181969	27.016766
-80.181969	26.850141
-80.160847	26.641272
-80.160847	26.404242
-80.170235	26.195374
-80.203091	26.007627
-80.280536	25.808146
-80.346247	25.587543
-80.381450	25.437346
-80.381450	25.449080
-80.390837	25.418571
-80.524607	25.308270
-80.667764	25.247252
-80.864898	25.179194
-81.141825	25.148685
-81.240392	25.237865
-81.252126	25.308270
-81.228657	25.427959
-81.329571	25.676723
-81.416404	25.808146
-81.428138	25.836308
-81.493850	25.906713
-81.693331	25.927835
-81.813019	26.047523
-81.890465	26.315062
-82.000766	26.462913
-82.057090	26.561480
-81.967911	26.650660
-81.979645	26.690556
-82.089946	26.631885
-82.132189	26.800857
-82.143923	26.958095
-82.188513	26.918199
-82.287080	26.899424
-82.319936	26.927586
-82.376260	26.997991
-82.474827	27.105946
-82.573394	27.244409
-82.683695	27.439196
-82.707164	27.547151
-82.662574	27.734898
-82.585128	27.920298
-82.641452	27.978968
-82.740019	28.018865
-82.751753	27.861627
-82.838586	27.852239
-82.883176	28.096310
-82.850321	28.359156
-82.784609	28.593839
-82.784609	28.748730
-82.805731	29.018616
-82.871442	29.173507
-83.026333	29.213404
-83.202346	29.328399
-83.324381	29.455128
-83.446417	29.579510
-83.467538	29.570123
-83.479272	29.598285
-83.479272	29.722667
-83.598961	29.781338
-83.742118	29.964391
NA NA
-84.415660	30.079386
-84.448515	29.964391
-84.525961	29.973778
-84.624528	29.955004
-84.758298	29.868171
-84.824009	29.840009
-84.955432	29.809500
-85.065733	29.809500
-85.187768	29.771950
-85.342659	29.743788
-85.452961	29.877558
-85.495204	29.964391
NA NA
-89.862664	30.001940
-89.752363	29.992553
NA NA
-89.388603	30.020715
-89.409725	29.915107
-89.466049	29.849396
-89.585737	29.790725
-89.653796	29.722667
-89.719507	29.598285
-89.609206	29.464515
-89.466049	29.396457
-89.332279	29.347173
-89.212591	29.222791
-89.233712	29.135958
-89.299423	29.096062
-89.421459	29.049125
-89.475436	29.117183
-89.618593	29.309624
-89.818074	29.387069
-89.895520	29.445740
-89.961231	29.483290
NA NA
-82.310548	23.177344
-82.254224	23.198465
-82.122802	23.219587
-81.935055	23.177344
-81.759042	23.189078
-81.604151	23.137448
-81.472728	23.128060
-81.317837	23.106939
-81.186414	23.076430
-81.052645	23.076430
-80.888366	23.106939
-80.710007	23.076430
-80.578584	22.994291
-80.381450	22.963782
-80.235946	23.024799
-80.071668	22.933273
NA NA
-79.928511	21.694144
-80.125645	21.766896
-80.325126	21.888931
-80.489404	22.053210
-80.611440	22.095453
-80.745209	22.074331
-80.810921	22.074331
-80.986933	22.083719
-81.162946	22.156470
-81.219270	22.208101
-81.329571	22.064944
-81.449260	22.114227
-81.615885	22.186979
-81.836488	22.196367
-82.000766	22.247997
-82.167392	22.320749
-82.132189	22.412275
-81.890465	22.433397
-81.726187	22.515536
-81.836488	22.628184
-82.099333	22.658693
-82.319936	22.668081
-82.573394	22.698589
-82.772875	22.698589
-82.993477	22.607063
-83.181224	22.463906
-83.303260	22.299627
-83.488660	22.229222
-83.699875	22.196367
-83.920477	22.177592
-84.040166	22.053210
-84.096490	21.971070
-84.227913	21.940562
-84.448515	21.818526
-84.537695	21.745774
-84.558817	21.755162
-84.579938	21.806792
-84.603406	21.919440
-84.824009	21.858422
-85.000022	21.867810
-84.800541	21.931174
-84.690239	22.034435
-84.460249	22.013314
-84.448515	22.177592
-84.415660	22.503802
-84.272503	22.607063
-84.096490	22.729098
-83.852419	22.801850
-83.643551	22.881643
-83.479272	22.945007
-83.246936	22.975516
-83.047455	23.015412
-82.805731	23.076430
-82.629718	23.116326
-82.474827	23.198465
-82.310548	23.177344
NA NA
-83.014599	21.900665
-82.939500	21.919440
-82.772875	21.806792
-82.683695	21.539253
-82.927766	21.457114
-83.157756	21.529865
-83.148369	21.581496
-83.115513	21.684757
-83.124900	21.827914
-83.014599	21.900665
NA NA
-86.797697	20.609906
-86.929120	20.600519
-87.060543	20.422159
-87.051155	20.328286
-86.907998	20.433893
-86.797697	20.609906
NA NA
-90.017555	21.302222
-89.806340	21.384362
-89.630327	21.417217
-89.355748	21.417217
-89.189122	21.426605
-88.914543	21.447726
-88.715062	21.560374
-88.517927	21.612005
-88.339568	21.663635
-88.121312	21.684757
-87.799796	21.621392
-87.799796	21.417217
-87.569806	21.600271
-87.292879	21.569762
-87.018300	21.539253
-86.896264	21.396096
-86.851674	21.198962
-86.875143	21.022949
-86.929120	20.858671
-87.027687	20.755410
-87.149723	20.631028
-87.304614	20.516033
-87.382059	20.370529
-87.492360	20.164007
-87.492360	20.018504
NA NA
-94.999886	29.241566
-95.032742	29.142999
-95.044476	29.114837
-95.077332	29.037391
-95.089066	28.997495
-95.098453	28.959945
-95.121921	28.920049
-95.232223	28.851991
-95.297934	28.805054
-95.387114	28.736996
-95.473947	28.678325
-95.563126	28.629042
-95.628838	28.579758
-95.673428	28.560984
-95.762607	28.521087
-95.849440	28.492925
-95.926886	28.464763
-96.037187	28.434254
-96.114633	28.424867
-96.126367	28.424867
-96.126367	28.443642
-96.060655	28.492925
-95.971476	28.532821
-95.816585	28.600880
-95.739139	28.629042
-95.706283	28.657204
-95.685162	28.678325
-95.706283	28.687713
-95.750873	28.687713
-95.872909	28.638429
-95.917499	28.629042
-96.004331	28.600880
-96.027800	28.589146
-96.037187	28.579758
-96.048921	28.668938
-96.070043	28.736996
-96.081777	28.736996
-96.102899	28.715875
-96.114633	28.715875
-96.126367	28.697100
-96.126367	28.657204
-96.147488	28.647816
-96.170957	28.638429
-96.192078	28.619654
-96.203812	28.647816
-96.224934	28.697100
-96.302380	28.706487
-96.335235	28.657204
-96.325848	28.610267
-96.335235	28.579758
-96.358704	28.629042
-96.445536	28.687713
-96.501860	28.657204
-96.513595	28.610267
-96.501860	28.542209
-96.445536	28.511700
-96.391559	28.474151
-96.400947	28.424867
-96.436149	28.384971
-96.501860	28.356809
-96.579306	28.375584
-96.645017	28.375584
-96.689607	28.316913
-96.701341	28.260589
-96.734197	28.220692
-96.776440	28.171409
-96.811643	28.152634
-96.865620	28.171409
-96.921944	28.131513
-96.975921	28.122125
-97.065101	28.084576
-97.065101	28.063454
-97.065101	28.025905
-97.065101	27.995396
-97.032245	28.004784
-96.954800	28.035292
-96.943066	27.967234
-96.999390	27.878054
-97.032245	27.819384
-97.065101	27.800609
-97.130812	27.809996
-97.241114	27.800609
-97.262235	27.800609
-97.297438	27.779487
-97.273969	27.760713
-97.229379	27.683267
-97.208258	27.652758
-97.196524	27.554191
-97.196524	27.495520
-97.208258	27.387566
-97.229379	27.288999
-97.262235	27.251450
-97.339681	27.230328
-97.351415	27.251450
-97.351415	27.288999
-97.396005	27.270224
-97.494572	27.279612
-97.527427	27.230328
-97.506306	27.190432
-97.449982	27.190432
-97.384271	27.171657
-97.339681	27.152882
-97.339681	27.063703
-97.351415	26.974523
-97.351415	26.925239
-97.363149	26.915852
-97.407739	26.904118
-97.417126	26.836060
-97.407739	26.756267
-97.396005	26.678822
-97.363149	26.589642
-97.351415	26.500462
-97.351415	26.469953
-97.339681	26.469953
-97.339681	26.439445
-97.330293	26.371386
-97.318559	26.291594
-97.285703	26.282207
-97.241114	26.141397
-97.219992	26.092113
-97.163668	25.974771
-97.163668	25.944262
-97.119078	25.932528
-97.086222	25.913753
-97.086222	25.904366
-97.086222	25.894979
NA NA
-97.086222	25.894979
-97.086222	25.883245
-97.086222	25.864470
-97.142546	25.775290
-97.184790	25.664989
-97.196524	25.575809
-97.175402	25.564075
-97.142546	25.585197
-97.086222	25.643867
-97.053367	25.744781
-97.032245	25.735394
-97.032245	25.643867
-97.041633	25.564075
-97.086222	25.474895
-97.142546	25.395103
-97.196524	25.345819
-97.262235	25.324698
-97.330293	25.334085
-97.417126	25.364594
-97.494572	25.373981
-97.550896	25.315311
-97.550896	25.275414
-97.550896	25.174500
-97.560283	25.085321
-97.583751	24.984407
-97.628341	24.944511
-97.694053	24.904614
-97.738643	24.822475
-97.748030	24.763804
-97.771498	24.733295
-97.792620	24.672278
-97.792620	24.601873
-97.748030	24.540855
-97.748030	24.430554
-97.748030	24.289744
-97.748030	24.148933
-97.738643	24.026898
-97.738643	23.944759
-97.726908	23.904863
-97.726908	23.855579
-97.661197	23.773440
-97.616607	23.602121
-97.604873	23.388559
-97.604873	23.245402
-97.604873	23.062349
-97.595486	22.898070
-97.595486	22.776035
-97.637729	22.541351
-97.682319	22.377073
-97.694053	22.285546
-97.694053	22.276159
-97.682319	22.194020
-97.637729	22.081372
-97.572017	21.935868
-97.539162	21.874850
-97.482838	21.813833
-97.440595	21.783324
-97.351415	21.668329
-97.273969	21.597924
-97.196524	21.504050
-97.175402	21.443033
-97.175402	21.339772
-97.219992	21.278754
-97.262235	21.215390
-97.285703	21.154372
-97.262235	21.091007
-97.219992	20.978359
-97.196524	20.947850
-97.184790	20.936116
-97.175402	20.905607
-97.130812	20.832855
-97.032245	20.668577
-96.964187	20.553582
-96.877354	20.438587
-96.776440	20.344714
-96.656752	20.220331
-96.546450	20.138192
-96.457271	20.002076
NA NA
-97.318559	25.275414
-97.273969	25.284802
-97.262235	25.244905
-97.262235	25.183888
-97.262235	25.113483
-97.297438	25.054812
-97.330293	25.033690
-97.339681	25.024303
-97.396005	25.064199
-97.407739	25.143992
-97.396005	25.183888
-97.351415	25.244905
-97.318559	25.275414
NA NA
-96.865620	27.936725
-96.844498	27.936725
-96.832764	27.976622
-96.811643	28.014171
-96.755319	28.054067
-96.701341	28.103351
-96.666139	28.131513
-96.623896	28.131513
-96.546450	28.171409
-96.490126	28.239467
-96.424415	28.269976
-96.400947	28.248854
-96.412681	28.180796
-96.478392	28.122125
-96.579306	28.035292
-96.666139	27.955500
-96.755319	27.868667
-96.865620	27.751325
-96.931331	27.683267
-96.975921	27.673880
-96.999390	27.711429
-96.964187	27.760713
-96.898476	27.840505
-96.877354	27.878054
-96.865620	27.899176
-96.865620	27.936725
NA NA
-89.961231	29.483290
-90.071532	29.464515
-90.071532	29.377682
-90.137244	29.290849
-90.226423	29.185242
-90.357846	29.232178
-90.501003	29.232178
-90.557327	29.204016
-90.667628	29.260340
-90.822519	29.194629
-90.986798	29.222791
-91.040775	29.290849
-91.219135	29.272075
-91.338823	29.405844
-91.406881	29.551348
-91.582894	29.570123
-91.702583	29.694505
-91.845740	29.762563
-91.956041	29.818887
-92.134400	29.828274
-92.209499	29.762563
-92.200112	29.675730
-92.286945	29.598285
-92.364390	29.588897
-92.364390	29.598285
-92.531015	29.588897
-92.772739	29.656956
-92.927631	29.703892
-93.115377	29.743788
-93.345367	29.809500
-93.544848	29.809500
-93.831162	29.790725
-94.051765	29.762563
-94.293489	29.675730
-94.514091	29.588897
-94.624392	29.551348
-94.692451	29.520839
-94.791018	29.483290
-94.823873	29.520839
-94.701838	29.551348
-94.680716	29.638181
-94.812139	29.638181
-94.812139	29.809500
-94.889585	29.809500
-94.978764	29.762563
-94.988152	29.598285
-94.999886	29.511452
-94.999886	29.241566
-94.999886	29.396457
NA NA
-90.601384	20.000000
-90.566714	20.112377
-90.501003	20.403385
-90.491616	20.652149
-90.456413	20.910301
-90.381314	21.126210
-90.271013	21.210696
-90.181833	21.271714
-90.017555	21.302222
NA NA
-110.113504	24.238113
-109.949226	24.097303
-109.782600	23.987002
-109.716889	23.944759
-109.705155	23.864966
-109.627709	23.764053
-109.561998	23.693647
-109.496287	23.571612
-109.385985	23.480085
-109.341395	23.367437
-109.362517	23.236015
-109.439963	23.123367
-109.540876	23.010718
-109.705155	22.940313
-109.803722	22.837053
-109.892902	22.848787
-109.991469	22.970822
NA NA
-110.036059	27.054315
-109.958613	27.014419
-109.892902	26.955748
-109.827190	26.875956
-109.782600	26.777389
-109.749745	26.728105
-109.672299	26.678822
-109.648831	26.629538
-109.573732	26.629538
-109.461084	26.638926
-109.395373	26.638926
-109.263950	26.559133
-109.219360	26.439445
-109.174770	26.371386
-109.064469	26.331490
-109.064469	26.261085
-109.120793	26.171905
-109.174770	26.092113
-109.231094	26.063951
-109.263950	25.974771
-109.285071	25.864470
-109.296806	25.744781
-109.275684	25.664989
-109.186504	25.554688
-109.043347	25.545300
-108.965902	25.554688
-108.900190	25.585197
-108.843866	25.625093
-108.822745	25.643867
-108.789889	25.585197
-108.811011	25.514792
-108.843866	25.434999
-108.811011	25.364594
-108.688975	25.303576
-108.512963	25.214397
-108.381540	25.165113
-108.268892	25.143992
-108.182059	25.193275
-108.125735	25.143992
-108.038902	25.054812
-107.937988	24.963285
-107.839421	24.904614
-107.818299	24.773192
-107.818299	24.662890
-107.827687	24.592485
-107.783097	24.522080
-107.696264	24.451675
-107.553107	24.329640
-107.409950	24.228726
-107.264446	24.118425
-107.177613	24.057407
-107.076700	23.965880
-106.978133	23.886088
-106.888953	23.855579
-106.867831	23.834458
-106.846710	23.825070
-106.823241	23.794561
-106.769264	23.742931
-106.736408	23.663139
-106.736408	23.559878
-106.680084	23.510594
-106.558049	23.489473
-106.504072	23.419068
-106.447748	23.346316
-106.403158	23.266523
-106.382036	23.205506
-106.349181	23.144488
-106.271735	23.052961
-106.182555	22.980210
-106.062867	22.898070
-105.940831	22.776035
-105.851652	22.663387
-105.708495	22.571860
-105.577072	22.501455
-105.544216	22.388807
-105.565338	22.367686
-105.565338	22.276159
-105.509014	22.111881
-105.443302	21.947602
-105.422181	21.874850
-105.333001	21.762202
-105.311880	21.701184
-105.288411	21.586190
-105.178110	21.482929
-105.112399	21.360893
-105.067809	21.215390
-105.067809	21.060498
-105.112399	20.966625
-105.201578	20.884486
-105.288411	20.790612
-105.300145	20.760104
-105.288411	20.708473
-105.222700	20.668577
-105.145254	20.595825
-105.135867	20.523073
-105.267290	20.480830
-105.398712	20.429200
-105.487892	20.365835
-105.499626	20.304818
-105.455037	20.253187
-105.398712	20.147580
-105.356469	20.044319
NA NA
-114.375357	30.027755
-114.297911	29.912761
-114.232200	29.797766
-114.208732	29.710933
-114.143020	29.701545
-114.065575	29.701545
-114.011597	29.663996
-113.967008	29.586550
-113.877828	29.499718
-113.779261	29.443394
-113.680694	29.365948
-113.525803	29.248606
-113.514068	29.192282
-113.502334	29.152386
-113.481213	29.074940
-113.436623	28.997495
-113.415501	28.959945
-113.347443	28.851991
-113.260610	28.873113
-113.159696	28.783933
-113.105719	28.765158
-113.072863	28.793320
-113.016539	28.668938
-112.983684	28.551596
-112.896851	28.424867
-112.861648	28.396705
-112.807671	28.406092
-112.763081	28.384971
-112.741960	28.338034
-112.709104	28.328647
-112.685636	28.220692
-112.631658	28.103351
-112.619924	27.967234
-112.598803	27.859280
-112.563600	27.779487
-112.486155	27.692655
-112.354732	27.594087
-112.211575	27.446237
-112.113008	27.270224
-112.089539	27.141148
-112.089539	27.122374
-112.068418	27.112986
-112.012094	27.082477
-111.934648	27.054315
-111.880671	26.983910
-111.880671	26.944014
-111.824347	26.826672
-111.746901	26.706984
-111.737514	26.608417
-111.627213	26.500462
-111.603745	26.500462
-111.681190	26.568520
-111.704658	26.697596
-111.704658	26.777389
-111.681190	26.777389
-111.615479	26.777389
-111.538033	26.697596
-111.448853	26.629538
-111.394876	26.500462
-111.350286	26.420670
-111.317431	26.371386
-111.293962	26.251698
-111.239985	26.211802
-111.228251	26.113234
-111.218864	26.012321
-111.195395	25.883245
-111.150805	25.735394
-111.129684	25.695498
-111.040504	25.615705
-111.007648	25.545300
-110.920816	25.484283
-110.852757	25.444386
-110.852757	25.315311
-110.852757	25.205009
-110.852757	25.143992
-110.831636	25.153379
-110.765924	25.064199
-110.688479	24.953898
-110.622767	24.822475
-110.622767	24.662890
-110.632155	24.531468
-110.611033	24.451675
-110.533588	24.339027
-110.477264	24.249847
-110.378697	24.158321
-110.280130	24.106690
-110.169828	24.207604
-110.113504	24.238113
NA NA
-109.991469	22.970822
-110.080649	23.193772
-110.158094	23.376825
-110.280130	23.519982
-110.366962	23.602121
-110.488998	23.642017
-110.599299	23.742931
-110.742456	23.855579
-110.876226	23.956493
-110.974793	24.066794
-111.106216	24.148933
-111.251719	24.198217
-111.329165	24.249847
-111.404264	24.310865
-111.505177	24.400045
-111.516912	24.461063
-111.505177	24.482184
-111.559155	24.482184
-111.615479	24.491571
-111.692924	24.510346
-111.737514	24.561976
-111.758636	24.672278
-111.857203	24.723908
-111.925261	24.712174
-111.979238	24.702787
-112.023828	24.791966
-112.068418	24.773192
-112.113008	24.693399
-112.113008	24.791966
-112.044950	24.914002
-112.002707	25.064199
-111.979238	25.193275
-111.979238	25.345819
-111.979238	25.404490
-111.990972	25.575809
-112.023828	25.695498
-112.113008	25.883245
-112.199841	26.063951
-112.265552	26.162518
-112.366466	26.162518
-112.486155	26.211802
-112.587068	26.282207
-112.709104	26.340877
-112.784203	26.451179
-112.873382	26.559133
-112.929706	26.608417
-113.007152	26.706984
-112.995418	26.777389
-112.983684	26.826672
-113.016539	26.904118
-113.072863	26.836060
-113.150309	26.768001
-113.204286	26.697596
-113.326322	26.718718
-113.448357	26.737493
-113.568046	26.796164
-113.612635	26.836060
-113.657225	26.904118
-113.722937	26.925239
-113.812116	26.974523
-113.877828	26.993298
-113.910683	26.993298
-113.955273	27.091865
-114.053840	27.141148
-114.143020	27.141148
-114.220466	27.152882
-114.297911	27.190432
-114.330767	27.270224
-114.351888	27.378179
-114.396478	27.446237
-114.473924	27.476746
-114.563104	27.495520
-114.617081	27.535417
-114.661671	27.584700
-114.727382	27.624596
-114.771972	27.673880
-114.840030	27.624596
-114.882273	27.643371
-114.872886	27.770100
-114.694526	27.760713
-114.473924	27.732551
-114.286177	27.779487
-114.164142	27.819384
-114.044453	27.741938
-114.032719	27.819384
-114.065575	27.840505
-114.065575	27.917951
-114.011597	27.976622
-113.922418	27.995396
-113.934152	28.084576
-113.910683	28.143247
-113.945886	28.180796
-113.945886	28.269976
-113.934152	28.307525
-113.955273	28.434254
-114.032719	28.511700
-114.110164	28.600880
-114.164142	28.668938
-114.243934	28.736996
-114.330767	28.833216
-114.396478	28.861378
-114.452802	28.910662
-114.518514	28.997495
-114.584225	29.056166
-114.661671	29.084328
-114.717995	29.180548
-114.771972	29.269728
-114.816562	29.307277
-114.861152	29.375335
-114.938597	29.394110
-115.025430	29.394110
-115.093488	29.480943
-115.170934	29.549001
-115.281235	29.577163
-115.346947	29.626447
-115.522959	29.682771
-115.579283	29.741442
-115.612139	29.797766
-115.644995	29.903373
-115.656729	29.971431
NA NA
-112.685636	30.152138
-112.652780	29.971431
-112.631658	29.893986
-112.554213	29.788378
-112.486155	29.778991
-112.432177	29.720320
-112.420443	29.645221
-112.387587	29.518492
-112.366466	29.412885
-112.321876	29.335439
-112.277286	29.288502
-112.166985	29.229832
-112.101274	29.142999
-112.044950	29.016270
-112.012094	28.910662
-111.934648	28.861378
-111.868937	28.805054
-111.824347	28.736996
-111.779757	28.619654
-111.681190	28.511700
-111.615479	28.443642
-111.526299	28.406092
-111.472322	28.384971
-111.427732	28.366196
-111.415998	28.366196
-111.362021	28.307525
-111.272841	28.180796
-111.174274	28.063454
-111.085094	28.004784
-110.986527	27.936725
-110.897347	27.917951
-110.775312	27.908563
-110.676745	27.887442
-110.566443	27.859280
-110.510119	27.819384
-110.500732	27.770100
-110.500732	27.683267
-110.500732	27.594087
-110.510119	27.594087
-110.533588	27.516642
-110.500732	27.446237
-110.488998	27.359404
-110.456142	27.328895
-110.423286	27.288999
-110.390431	27.251450
-110.324719	27.190432
-110.247274	27.141148
-110.136973	27.091865
-110.036059	27.054315
NA NA
-118.228860	28.959945
-118.238247	28.969333
-118.238247	28.988108
-118.238247	29.006882
-118.238247	29.037391
-118.205392	29.084328
-118.172536	29.093715
-118.151415	29.037391
-118.151415	28.997495
-118.139680	28.901275
-118.139680	28.823829
-118.139680	28.805054
-118.160802	28.823829
-118.196004	28.882500
-118.228860	28.929437
-118.228860	28.959945
NA NA
-115.081754	27.976622
-115.114610	27.976622
-115.126344	28.014171
-115.159200	28.014171
-115.192055	28.054067
-115.203790	28.084576
-115.159200	28.131513
-115.138078	28.239467
-115.114610	28.298138
-115.060633	28.307525
-115.048899	28.220692
-115.048899	28.171409
-115.048899	28.103351
-115.037164	28.054067
-115.048899	28.035292
-115.048899	27.995396
-115.060633	27.967234
-115.081754	27.976622
NA NA
-112.983684	28.969333
-113.040008	28.950558
-113.072863	28.950558
-113.105719	28.997495
-113.150309	29.074940
-113.204286	29.142999
-113.269997	29.201670
-113.326322	29.269728
-113.370911	29.335439
-113.424889	29.412885
-113.448357	29.471556
-113.448357	29.490330
-113.382646	29.452781
-113.305200	29.375335
-113.237142	29.297890
-113.183165	29.220444
-113.082251	29.161773
-113.072863	29.065553
-113.040008	29.037391
-112.983684	29.006882
-112.983684	28.978720
-112.983684	28.969333
NA NA
-112.366466	28.978720
-112.366466	29.016270
-112.354732	29.093715
-112.342998	29.142999
-112.277286	29.142999
-112.223309	29.114837
-112.188106	29.065553
-112.155251	28.997495
-112.134129	28.929437
-112.145863	28.861378
-112.145863	28.793320
-112.145863	28.746383
-112.188106	28.736996
-112.232696	28.736996
-112.321876	28.746383
-112.375853	28.774546
-112.420443	28.833216
-112.432177	28.873113
-112.411056	28.901275
-112.375853	28.938824
-112.366466	28.978720
NA NA
-74.019180	40.001805
-74.040301	39.985377
NA NA
-74.073157	40.001805
-74.106013	39.975990
-74.138869	39.900891
-74.174071	39.799977
-74.183458	39.731919
-74.195193	39.696716
-74.206927	39.680288
-74.260904	39.628658
-74.326615	39.612230
-74.338350	39.518357
-74.371205	39.492542
-74.394674	39.450299
-74.460385	39.389281
-74.558952	39.337650
-74.603542	39.262552
-74.690375	39.166331
-74.758433	39.065418
-74.857000	38.987972
-74.878122	39.013787
-74.878122	39.149904
-74.868734	39.236737
-74.910977	39.243777
-75.000157	39.243777
-75.065868	39.253164
-75.143314	39.321223
-75.298205	39.356425
-75.363916	39.408055
-75.417894	39.457339
-75.462484	39.518357
-75.485952	39.544172
-75.495339	39.569987
-75.507073	39.619271
-75.518808	39.602843
-75.518808	39.466726
-75.474218	39.337650
-75.396772	39.192147
-75.363916	39.098273
-75.307592	38.969197
-75.197291	38.875324
-75.122192	38.788491
-75.077603	38.652375
-75.021279	38.565542
-75.054134	38.495137
-75.089337	38.391876
-75.098724	38.375448
-75.110458	38.356673
-75.197291	38.288615
-75.253615	38.208823
-75.286471	38.166580
-75.298205	38.157192
-75.298205	38.070359
-75.352182	38.028116
-75.417894	37.896694
-75.462484	37.816901
-75.518808	37.755884
-75.572785	37.659663
-75.596253	37.582218
-75.638496	37.502425
-75.661965	37.415592
-75.683086	37.352228
-75.739410	37.239580
-75.826243	37.178562
-75.882567	37.178562
-75.927157	37.204377
-75.960013	37.274782
-75.981134	37.352228
-75.992868	37.415592
-75.992868	37.493038
-75.960013	37.556403
-75.891954	37.659663
-75.837977	37.748843
-75.793387	37.852104
-75.760532	37.877919
-75.739410	37.877919
-75.694820	37.887306
-75.683086	37.906081
-75.661965	37.983527
-75.739410	37.992914
-75.805121	38.035157
-75.793387	38.105562
-75.793387	38.147805
-75.837977	38.192395
-75.849711	38.269840
-75.915423	38.321471
-76.002256	38.305043
-76.103170	38.305043
-76.157147	38.375448
-76.213471	38.401263
-76.222858	38.427078
-76.246327	38.488096
-76.258061	38.520952
-76.234592	38.581970
-76.190002	38.642987
-76.112557	38.668802
-76.103170	38.720433
-76.136025	38.797878
-76.124291	38.875324
-76.124291	38.910526
-76.157147	38.917567
-76.201737	38.917567
-76.279182	38.910526
-76.290916	38.969197
-76.213471	39.013787
-76.157147	39.065418
-76.124291	39.133476
-76.136025	39.140516
-76.157147	39.185106
-76.157147	39.227349
-76.168881	39.262552
-76.124291	39.356425
-76.070314	39.389281
-75.981134	39.415096
-75.936544	39.492542
-75.915423	39.525397
-75.992868	39.586415
-76.013990	39.586415
-76.046846	39.544172
-76.112557	39.440911
-76.190002	39.415096
-76.234592	39.408055
-76.300304	39.356425
-76.356628	39.304795
-76.401218	39.269592
-76.443461	39.262552
-76.532640	39.243777
-76.520906	39.210921
-76.455195	39.149904
-76.455195	39.117048
-76.455195	39.013787
-76.499785	38.943382
-76.511519	38.797878
-76.511519	38.685230
-76.511519	38.626559
-76.499785	38.530339
-76.455195	38.452894
-76.443461	38.443506
-76.488051	38.462281
-76.565496	38.469321
-76.499785	38.417691
-76.434073	38.375448
-76.401218	38.269840
-76.368362	38.166580
-76.356628	38.147805
-76.344894	38.114949
-76.389483	38.166580
-76.443461	38.175967
-76.499785	38.227597
-76.544375	38.279228
-76.621820	38.279228
-76.642942	38.279228
-76.696919	38.288615
-76.753243	38.349633
-76.797833	38.366061
-76.818954	38.349633
-76.896400	38.366061
-76.950377	38.279228
-76.863544	38.201782
-76.732121	38.157192
-76.631207	38.147805
-76.553762	38.114949
-76.443461	38.079747
-76.410605	38.053932
-76.368362	37.992914
-76.300304	37.948324
-76.290916	37.852104
-76.312038	37.748843
-76.344894	37.669051
-76.422339	37.669051
-76.410605	37.624461
-76.389483	37.582218
-76.401218	37.528241
-76.312038	37.502425
-76.258061	37.406205
-76.246327	37.352228
-76.290916	37.371003
-76.389483	37.345187
-76.389483	37.319372
-76.377749	37.274782
-76.344894	37.185603
-76.267448	37.178562
-76.234592	37.124585
-76.234592	37.098770
-76.290916	37.079995
-76.389483	37.063567
-76.488051	37.070608
-76.511519	37.009590
-76.466929	36.965000
-76.401218	36.948572
-76.333159	36.920410
-76.300304	36.920410
-76.267448	36.920410
-76.258061	36.974387
-76.180615	36.957960
-76.124291	36.929798
-76.037458	36.929798
-75.992868	36.885208
-75.969400	36.798375
-75.960013	36.664605
-75.915423	36.620015
-75.936544	36.549610
-75.936544	36.540223
-75.936544	36.486246
-75.936544	36.479205
-75.936544	36.451043
-75.927157	36.441656
-75.915423	36.441656
-75.915423	36.406453
-75.915423	36.352476
-75.882567	36.256256
-75.826243	36.202279
-75.793387	36.129527
-75.793387	36.084937
-75.805121	36.129527
-75.849711	36.202279
-75.960013	36.183504
-76.070314	36.237481
-76.070314	36.167076
-76.147759	36.174117
-76.180615	36.148301
-76.290916	36.113099
-76.377749	36.059122
-76.466929	36.049734
-76.553762	36.068509
-76.610086	36.174117
-76.621820	36.300846
-76.654676	36.272684
-76.675797	36.068509
-76.654676	35.934739
-76.499785	35.915965
-76.377749	35.934739
-76.157147	35.969942
-76.070314	35.969942
-76.058580	35.798623
-76.013990	35.709443
-75.903689	35.880762
-75.816856	35.960555
-75.748797	35.890150
-75.715942	35.718831
-75.727676	35.620264
-75.805121	35.592102
-75.936544	35.474760
-76.079701	35.359765
-76.201737	35.359765
-76.290916	35.350378
-76.333159	35.430170
-76.410605	35.413742
-76.422339	35.493534
-76.434073	35.538124
-76.520906	35.448945
-76.577230	35.439557
-76.797833	35.430170
-76.664063	35.376193
-76.520906	35.350378
-76.455195	35.277626
-76.532640	35.223648
-76.532640	35.186099
-76.621820	35.096919
-76.631207	35.087532
-76.642942	35.078145
-76.654676	35.078145
-76.664063	34.960803
-76.642942	34.998352
-76.532640	35.052329
-76.377749	35.005393
-76.401218	34.815299
-76.532640	34.751935
-76.687532	34.669795
-76.840076	34.669795
-77.051291	34.660408
-77.325871	34.533679
-77.424438	34.505517
-77.546473	34.423378
-77.558207	34.423378
-77.602797	34.350626
-77.713098	34.277874
-77.811666	34.151145
-77.832787	34.085433
-78.011147	34.003294
-78.163691	33.939930
-78.306848	33.930542
-78.506329	33.892993
-78.637751	33.810854
-78.804377	33.747489
-78.858354	33.728714
-79.024979	33.562089
-79.057835	33.508112
-79.111812	33.414239
-79.144668	33.395464
-79.222113	33.350874
-79.177524	33.266388
-79.245582	33.174861
-79.332415	33.099763
-79.433329	33.071601
-79.520162	33.036398
-79.543630	32.951912
-79.630463	32.895588
-79.642197	32.886201
-79.675053	32.895588
-79.761886	32.813449
-79.928511	32.682026
NA NA
-79.928511	32.682026
-80.050546	32.625702
-80.125645	32.571725
-80.235946	32.559991
-80.313392	32.571725
-80.435427	32.578765
-80.533994	32.597540
-80.599706	32.597540
-80.634908	32.597540
-80.710007	32.597540
-80.745209	32.559991
-80.721741	32.477851
-80.667764	32.412140
-80.623174	32.299492
-80.677151	32.233780
-80.733475	32.252555
-80.810921	32.215006
-80.942344	32.158682
-80.930609	32.102358
-80.897754	32.046034
-80.897754	32.036646
-81.008055	32.050727
-81.019789	32.022565
-81.085501	31.956854
-81.141825	31.834819
-81.186414	31.778494
-81.273247	31.607176
-81.371814	31.410041
-81.395283	31.344330
-81.428138	31.248110
-81.460994	31.154236
-81.460994	31.126074
-81.526706	31.060363
-81.592417	30.917206
-81.604151	30.764662
-81.615885	30.661401
-81.571295	30.583955
-81.550174	30.403249
-81.505584	30.250705
-81.449260	30.107548
NA NA
-83.742118	29.964391
-83.897009	30.048877
-84.105877	30.126323
-84.251381	30.135710
-84.326480	30.126323
-84.415660	30.079386
NA NA
-85.495204	29.964391
-85.551528	30.030102
-85.650095	30.079386
-85.804986	30.163872
-85.948143	30.241317
-86.147624	30.297642
-86.356492	30.384474
-86.401082	30.431411
-86.333024	30.440798
-86.323637	30.518244
-86.499649	30.546406
-86.720252	30.518244
-86.961976	30.471307
-87.149723	30.440798
-87.095745	30.508857
-87.072277	30.593343
-87.137988	30.574568
-87.194312	30.537019
-87.281145	30.537019
-87.426649	30.403249
-87.656639	30.346925
-87.799796	30.297642
-87.999277	30.260092
-88.032133	30.318763
-87.966421	30.480695
-88.011011	30.661401
-88.020398	30.860882
-88.064988	30.945368
-88.130700	30.727112
-88.208145	30.537019
-88.219879	30.422024
-88.306712	30.393862
-88.482725	30.403249
-88.649350	30.403249
-88.848831	30.422024
-89.034231	30.440798
-89.266568	30.337538
-89.376869	30.375087
-89.520026	30.297642
-89.585737	30.278867
-89.653796	30.260092
-89.796953	30.288254
-89.862664	30.297642
NA NA
-90.137244	30.107548
-89.972965	30.194381
-89.874398	30.184993
-89.883785	30.088773
-89.862664	30.001940
NA NA
-89.752363	29.992553
-89.609206	30.098161
-89.433193	30.163872
-89.365135	30.116935
-89.388603	30.020715
NA NA
-89.862664	30.297642
-90.005821	30.318763
-90.181833	30.431411
-90.402436	30.375087
-90.479882	30.194381
-90.324990	30.079386
-90.137244	30.107548
NA NA
-117.057789	32.449689
-117.057789	32.524788
-117.114113	32.656211
-117.135235	32.700801
-117.135235	32.860385
-117.156356	32.970687
-117.224415	33.083335
-117.290126	33.174861
-117.376959	33.231185
-117.487260	33.341487
-117.599908	33.454135
-117.719597	33.536274
-117.862754	33.609026
-118.008258	33.702899
-118.106825	33.728714
-118.205392	33.728714
-118.315693	33.747489
-118.327427	33.839016
-118.360283	33.930542
-118.482318	34.031456
-118.569151	34.078393
-118.670065	34.059618
-118.681799	34.015028
-118.702921	33.968092
-118.780366	34.040844
-118.902402	34.097168
-118.989235	34.115942
-119.078414	34.141757
-119.176982	34.188694
-119.221571	34.270833
-119.277895	34.298995
-119.364728	34.324811
-119.442174	34.362360
-119.585331	34.416337
-119.695632	34.425725
-119.763690	34.371747
-119.895113	34.435112
NA NA
-114.861152	31.963894
-114.828296	31.870021
-114.739116	31.776148
-114.717995	31.663500
-114.727382	31.607176
-114.750850	31.557892
-114.750850	31.407695
-114.727382	31.285659
-114.706261	31.114340
-114.661671	30.992305
-114.563104	30.877310
-114.541982	30.734153
-114.530248	30.581609
-114.530248	30.429064
-114.485658	30.285907
-114.452802	30.105201
-114.441068	30.095814
-114.375357	30.027755
NA NA
-115.656729	29.971431
-115.677850	30.086426
-115.710706	30.238971
-115.755296	30.372740
-115.809273	30.391515
-115.877331	30.344578
-115.898453	30.382128
-115.898453	30.534672
-115.964164	30.687216
-116.020488	30.802211
-116.086200	30.849148
-116.119055	30.924246
-116.163645	30.943021
-116.163645	31.020467
-116.208235	31.133115
-116.262212	31.219948
-116.351392	31.323208
-116.428838	31.426469
-116.518017	31.529730
-116.527405	31.586054
-116.527405	31.691662
-116.539139	31.785535
-116.593116	31.860634
-116.661174	31.870021
-116.682296	31.935732
-116.738620	32.001444
-116.792597	32.038993
-116.816065	32.104705
-116.848921	32.179803
-116.926367	32.273677
-116.926367	32.320613
-116.935754	32.402753
-117.057789	32.449689
NA NA
-114.861152	31.963894
-114.882273	32.001444
-114.882273	31.992056
-114.872886	31.945120
-114.828296	31.879408
-114.739116	31.832472
-114.673405	31.794922
-114.595959	31.747986
-114.530248	31.729211
-114.462190	31.672887
-114.363623	31.607176
-114.342501	31.625950
-114.319033	31.625950
-114.297911	31.557892
-114.220466	31.520343
-114.121899	31.473406
-114.011597	31.445244
-113.901296	31.454631
-113.823851	31.473406
-113.734671	31.482793
-113.645491	31.435857
-113.591514	31.398307
-113.579780	31.304434
-113.502334	31.266884
-113.370911	31.248110
-113.260610	31.210560
-113.159696	31.189439
-113.072863	31.123727
-113.007152	31.039241
-113.007152	30.973530
-113.007152	30.849148
-112.995418	30.724766
-112.962562	30.630892
-112.896851	30.544059
-112.819405	30.410290
-112.795937	30.295295
-112.751347	30.257745
-112.685636	30.152138
NA NA
-120.071126	33.996254
-119.993680	34.024416
-119.960824	33.996254
-119.916235	33.958704
-119.895113	33.914114
-119.927969	33.895340
NA NA
-119.784812	34.069006
-119.817668	34.097168
-119.805933	34.087780
-119.740222	34.040844
-119.686245	34.005641
-119.629921	33.986866
-119.531354	34.005641
-119.453908	34.015028
-119.453908	33.977479
-119.519619	33.968092
-119.585331	33.939930
-119.653389	33.914114
-119.740222	33.958704
-119.773078	34.015028
-119.784812	34.069006
NA NA
-118.393139	33.425973
-118.437728	33.416585
-118.416607	33.416585
-118.393139	33.416585
-118.348549	33.369649
-118.306306	33.369649
-118.271103	33.360261
-118.249982	33.296897
-118.261716	33.278122
-118.306306	33.278122
-118.306306	33.306284
-118.327427	33.350874
-118.372017	33.379036
-118.393139	33.425973
NA NA
-118.503440	33.017623
-118.482318	33.036398
-118.482318	33.008236
-118.437728	32.951912
-118.383751	32.879160
-118.315693	32.860385
-118.271103	32.813449
-118.238247	32.785287
-118.294572	32.766512
-118.339161	32.766512
-118.383751	32.813449
-118.425994	32.888547
-118.482318	32.951912
-118.503440	32.989461
-118.503440	33.017623
NA NA
-119.895113	34.435112
-120.017148	34.479702
-120.115716	34.498476
-120.193161	34.507864
-120.291728	34.507864
-120.425498	34.536026
-120.491209	34.590003
-120.512331	34.662755
-120.535799	34.744894
-120.535799	34.817646
-120.547533	34.871623
-120.547533	34.916213
-120.547533	34.944375
-120.547533	34.979578
-120.512331	35.010086
-120.512331	35.000699
-120.512331	35.010086
-120.512331	35.000699
-120.524065	35.017127
-120.524065	35.035902
-120.512331	35.064064
-120.535799	35.118041
-120.556921	35.143856
-120.613245	35.207221
-120.690690	35.244770
-120.768136	35.270585
-120.777523	35.279972
-120.777523	35.289360
-120.777523	35.362112
-120.777523	35.434864
-120.866703	35.460679
-120.944148	35.514656
-121.033328	35.596795
-121.087305	35.631998
-121.197607	35.739952
-121.307908	35.854947
-121.418209	36.000451
-121.540244	36.089631
-121.683401	36.214013
-121.826558	36.392372
-121.850027	36.570732
-121.793703	36.605934
-121.727991	36.650524
-121.739725	36.826537
-121.838293	36.976734
-121.993184	36.995509
-122.080017	36.995509
-122.180930	37.084689
-122.279498	37.232539
-122.302966	37.347534
-122.345209	37.478957
-122.422654	37.603339
-122.446123	37.734762
-122.401533	37.812208
-122.312353	37.777005
-122.279498	37.699560
-122.157462	37.584565
-122.014305	37.504772
-122.070629	37.636195
-122.225520	37.838023
-122.267763	37.943630
-122.190318	38.021076
-122.026039	38.046891
-121.904004	38.091481
-122.115219	38.161886
-122.225520	38.178314
-122.345209	38.178314
-122.434389	38.187701
-122.434389	38.075053
-122.434389	37.934243
-122.500100	37.892000
-122.565811	37.908428
-122.610401	37.953018
-122.666725	37.953018
-122.744171	37.985873
-122.798148	38.011689
-122.875594	38.091481
-122.887328	38.107909
-122.887328	38.152499
-122.887328	38.220557
-122.887328	38.239332
-122.941305	38.335552
-123.030485	38.403610
-123.129052	38.490443
-123.251087	38.593704
-123.340267	38.680537
-123.405978	38.757982
-123.537401	38.861243
-123.581991	39.006747
-123.593725	39.102967
-123.647702	39.239083
-123.692292	39.368159
-123.692292	39.487848
-123.682905	39.513663
-123.647702	39.614577
-123.692292	39.708450
-123.758004	39.792936
-123.847183	39.896197
-123.912895	39.980683
NA NA
-120.115716	33.968092
-120.160305	33.986866
-120.139184	33.986866
-120.071126	33.996254
NA NA
-119.927969	33.895340
-120.005414	33.895340
-120.061738	33.914114
-120.115716	33.968092
-120.005414	33.895340
-120.061738	33.914114
-120.115716	33.968092
NA NA
-66.732257	50.072074
-66.851945	49.980548
-67.018571	49.823310
-67.117138	49.616788
-67.182849	49.501793
-67.260295	49.379758
-67.314272	49.358636
-67.558343	49.351596
-67.788333	49.344555
-68.008935	49.328128
-68.163826	49.227214
-68.220150	49.192011
-68.241272	49.133340
-68.330452	49.133340
-68.539320	49.004264
-68.670743	48.917431
-68.846755	48.858761
-68.957057	48.743766
-69.046236	48.654586
-69.189393	48.509082
-69.365406	48.326029
-69.564887	48.215728
-69.651720	48.201647
-69.762021	48.201647
-69.740900	48.002166
-69.895791	47.786257
NA NA
-70.116393	47.445966
-69.928646	47.556267
-69.762021	47.682996
-69.630598	47.847275
-69.532031	47.995125
-69.356019	48.091345
-69.135416	48.229809
-68.947669	48.363578
-68.846755	48.415209
-68.771657	48.429290
-68.670743	48.436330
-68.539320	48.532550
-68.339839	48.619383
-68.119236	48.678054
-67.933836	48.757847
-67.722621	48.851720
-67.534875	48.917431
-67.272029	48.983143
-67.072548	49.039467
-66.741644	49.149768
-66.544510	49.192011
-66.312173	49.236601
-65.993004	49.278844
-65.760667	49.271804
-65.551799	49.299966
-65.298341	49.285885
-65.021414	49.264763
-65.000000	49.259677
NA NA
-65.000000	48.152428
-65.176305	48.091345
-65.507209	48.105426
-65.793523	48.201647
-65.960148	48.178178
-66.180751	48.150016
-66.455330	48.084305
-66.521042	48.046756
-66.255849	48.053796
-65.981270	47.995125
-65.772401	47.943495
-65.683222	47.786257
-65.596389	47.727586
-65.340584	47.816766
-65.054270	47.920026
-65.000000	47.902583
NA NA
-65.000000	47.848563
-65.000293	47.847275
-65.000000	47.847244
NA NA
-65.000000	47.283443
-65.066004	47.234751
-65.220895	47.145571
-65.220895	47.115062
-65.066004	47.129143
-65.000000	47.122072
NA NA
-65.000000	43.699862
-65.098860	43.735619
-65.131715	43.745007
-65.232629	43.705111
-65.253751	43.615931
-65.265485	43.568994
-65.364052	43.505630
-65.441498	43.505630
-65.629244	43.552566
-65.716077	43.728579
-65.826379	43.815412
-65.969535	43.824799
-66.058715	44.014893
-66.079837	44.204986
-66.035247	44.364571
-65.924946	44.498341
-65.816991	44.608642
-65.903824	44.538237
-66.103305	44.442017
-66.058715	44.552318
-65.781789	44.702516
-65.650366	44.686088
-65.474353	44.756493
-65.486087	44.826898
-65.298341	44.913731
-65.054270	45.047500
-65.000000	45.071312
NA NA
-65.000000	45.593392
-65.242017	45.474624
-65.462619	45.350242
-65.638632	45.289224
-65.826379	45.272796
-65.960148	45.296265
-66.103305	45.188310
-66.234728	45.148414
-66.401353	45.131986
-66.511654	45.124946
-66.631343	45.108518
-66.741644	45.117905
-66.840211	45.164842
-66.962247	45.195351
-67.027958	45.195351
NA NA
-67.027958	45.195351
-67.027958	45.171883
-67.039692	45.148414
-67.027958	45.078009
-67.027958	45.024032
-67.027958	44.977095
-67.072548	44.937199
-67.093669	44.923118
-67.105404	44.890262
-67.051426	44.890262
-66.973981	44.890262
-66.950513	44.852713
-66.962247	44.772921
-67.027958	44.725984
-67.138259	44.679047
-67.215705	44.686088
-67.293150	44.648538
-67.415186	44.639151
-67.480897	44.585174
-67.602933	44.561705
-67.656910	44.568746
-67.713234	44.568746
-67.788333	44.545278
-67.823535	44.481913
-67.922102	44.442017
-67.976080	44.434976
-68.020669	44.451404
-68.065259	44.427936
-68.130971	44.371612
-68.163826	44.364571
-68.220150	44.291819
-68.318717	44.277738
-68.339839	44.301207
-68.384429	44.331716
-68.482996	44.378652
-68.518198	44.341103
-68.637887	44.355184
-68.670743	44.378652
-68.694211	44.442017
-68.715333	44.528850
-68.804512	44.514769
-68.903079	44.458445
-68.935935	44.324675
-69.001646	44.237842
-69.025115	44.141622
-69.057971	44.087645
-69.090826	44.031321
-69.144803	44.014893
-69.177659	44.031321
-69.266839	44.047749
-69.344284	43.991424
-69.409996	43.888164
-69.454586	43.888164
-69.541419	43.871736
-69.564887	43.895204
-69.586008	43.944488
-69.630598	43.935100
-69.651720	43.848268
-69.686922	43.801331
-69.719778	43.752047
-69.752634	43.735619
-69.773755	43.784903
-69.797224	43.841227
-69.839467	43.871736
-69.907525	43.871736
NA NA
-70.027213	41.764278
-69.994358	41.797134
-69.982624	41.813561
-69.982624	41.865192
-69.982624	41.921516
-69.994358	41.970799
-69.982624	41.996615
-69.928646	41.954372
-69.895791	41.839377
-69.872322	41.740810
-69.907525	41.714994
-69.982624	41.691526
NA NA
-69.895791	47.786257
-70.137515	47.497596
-70.226694	47.490556
-70.402707	47.363827
-70.623310	47.220670
-70.811056	47.093941
-70.954213	46.978946
-71.097370	46.889766
-71.073902	46.859257
-70.865034	46.903847
-70.677287	46.988333
-70.667899	46.988333
-70.656165	47.032923
-70.557598	47.070472
-70.456684	47.159652
-70.292406	47.272300
-70.116393	47.445966
NA NA
-69.907525	43.871736
-70.060069	43.824799
-70.170370	43.728579
-70.203226	43.672255
-70.214960	43.625318
-70.226694	43.585422
-70.268937	43.529098
-70.292406	43.519711
-70.304140	43.519711
-70.325261	43.496242
-70.402707	43.392982
-70.480153	43.310842
-70.489540	43.310842
-70.513008	43.287374
-70.545864	43.207582
-70.611575	43.118402
-70.667899	43.022182
-70.733611	42.916574
-70.766466	42.794539
-70.778201	42.778111
-70.778201	42.738215
-70.778201	42.731174
-70.778201	42.714746
-70.754732	42.672503
-70.710142	42.656075
-70.677287	42.616179
-70.754732	42.599751
-70.799322	42.510572
-70.820444	42.461288
-70.865034	42.470675
-70.942479	42.381496
-70.942479	42.322825
-70.853299	42.282929
-70.778201	42.257113
-70.721877	42.191402
-70.700755	42.184361
-70.689021	42.144465
-70.667899	42.095182
-70.667899	42.029470
-70.611575	42.003655
-70.578720	41.987227
-70.545864	41.914475
-70.524742	41.839377
-70.447297	41.797134
-70.346383	41.764278
-70.226694	41.747850
-70.116393	41.740810
-70.027213	41.764278
NA NA
-69.982624	41.691526
-70.092925	41.642243
-70.160983	41.625815
-70.226694	41.642243
-70.346383	41.609387
-70.456684	41.583572
-70.557598	41.583572
-70.590454	41.609387
-70.590454	41.642243
-70.599841	41.682139
-70.644431	41.691526
-70.742998	41.658670
-70.843912	41.609387
-70.888502	41.583572
-70.963601	41.557756
-71.019925	41.557756
-71.085636	41.557756
-71.141960	41.557756
-71.141960	41.625815
-71.163082	41.698567
-71.219406	41.740810
-71.273383	41.698567
-71.317973	41.642243
-71.350828	41.567144
-71.383684	41.485005
-71.482251	41.426334
-71.625408	41.393478
-71.726322	41.377050
-71.747444	41.377050
-71.747444	41.367663
-71.846011	41.351235
-72.012636	41.351235
-72.221504	41.334807
-72.540674	41.301951
-72.716686	41.292564
-72.826988	41.327767
-73.014735	41.259708
-73.071059	41.184610
-73.181360	41.168182
-73.324517	41.135326
-73.378494	41.102470
-73.488795	41.086043
-73.622565	41.010944
-73.721132	40.942886
-73.786843	40.910030
-73.810312	40.902989
-73.831433	40.893602
-73.843167	40.910030
-73.897145	40.910030
-73.974590	40.844319
-74.019180	40.785648
-74.084891	40.743405
-74.117747	40.710549
-74.183458	40.626063
-74.216314	40.558005
-74.216314	40.499334
-74.174071	40.475865
-74.063770	40.457091
-73.974590	40.349136
-73.941734	40.248222
-73.986324	40.086291
-74.019180	40.001805
NA NA
-74.040301	39.985377
-74.073157	40.001805
NA NA
-75.694820	44.552318
-75.650230	44.575786
-75.638496	44.575786
-75.781653	44.498341
-75.981134	44.371612
-76.213471	44.341103
-76.443461	44.268351
-76.654676	44.197946
-76.774364	44.158050
-76.908134	44.101726
-76.940990	44.087645
-76.962111	44.141622
-76.985580	44.174478
-77.060678	44.181518
-77.215569	44.158050
-77.248425	44.118154
-77.161592	44.118154
-77.117002	44.047749
-77.039557	43.967956
-77.018435	43.904592
-77.182714	43.881123
-77.260159	43.944488
-77.459640	43.951528
-77.680243	43.984384
-77.722486	43.984384
-77.745954	43.984384
-77.823400	43.998465
-78.130835	43.984384
-78.363172	43.928060
-78.572040	43.881123
-78.804377	43.848268
-78.947534	43.815412
-79.168136	43.761435
-79.278437	43.705111
-79.433329	43.615931
-79.487306	43.568994
-79.543630	43.536138
-79.597607	43.456346
-79.663318	43.409409
-79.752498	43.336657
-79.806475	43.287374
-79.773620	43.270946
-79.663318	43.247478
-79.531896	43.214622
-79.388739	43.191154
-79.233848	43.224009
-79.013245	43.256865
-78.881822	43.296761
-78.694076	43.327270
-78.506329	43.367166
-78.175425	43.392982
-78.109714	43.400022
-77.987678	43.400022
-77.844521	43.367166
-77.755341	43.360126
-77.722486	43.353085
-77.656774	43.303802
-77.569942	43.263906
-77.459640	43.287374
-77.403316	43.303802
-77.370461	43.310842
-77.304749	43.296761
-77.138124	43.296761
-76.940990	43.303802
-76.774364	43.343698
-76.610086	43.439918
-76.478663	43.512670
-76.312038	43.545526
-76.279182	43.545526
-76.168881	43.552566
-76.136025	43.641746
-76.168881	43.768475
-76.201737	43.791944
-76.258061	43.848268
-76.267448	43.888164
-76.246327	43.921019
-76.180615	43.911632
-76.112557	43.944488
-76.103170	43.951528
-76.103170	43.998465
-76.157147	44.047749
-76.201737	44.038361
-76.290916	44.047749
-76.312038	44.118154
-76.246327	44.174478
-76.136025	44.221414
-76.013990	44.277738
-75.870833	44.355184
-75.760532	44.491300
-75.694820	44.552318
NA NA
-78.881822	42.867290
-78.870088	42.836782
-78.891210	42.827394
-79.078957	42.850863
-79.409860	42.883718
-79.707908	42.876678
NA NA
-80.160847	42.174974
-79.961367	42.191402
-79.818210	42.266501
-79.686787	42.332212
-79.487306	42.428432
-79.299559	42.559855
-79.233848	42.566896
-79.168136	42.599751
-79.123546	42.656075
-79.102425	42.681890
-79.057835	42.705359
-78.947534	42.778111
-78.924065	42.787498
-78.914678	42.787498
-78.870088	42.820354
-78.881822	42.867290
NA NA
-80.038812	44.873834
-79.994222	44.836285
-79.928511	44.796389
-79.785354	44.796389
-79.707908	44.826898
-79.707908	44.843326
-79.761886	44.923118
-79.829944	44.953627
-79.928511	44.977095
NA NA
-72.200383	41.193997
-72.287216	41.144713
-72.397517	41.069615
-72.573530	40.994516
-72.740155	40.978088
-72.949023	40.978088
-73.059324	40.961660
-73.181360	40.942886
-73.291661	40.926458
-73.378494	40.910030
-73.467674	40.910030
-73.545119	40.886562
-73.599096	40.860746
-73.655421	40.851359
-73.676542	40.834931
-73.753988	40.818503
-73.775109	40.809116
-73.819699	40.759833
-73.831433	40.743405
-73.864289	40.743405
-73.920613	40.717589
-73.930000	40.668306
-73.941734	40.616676
-73.930000	40.600248
-73.920613	40.642491
-73.843167	40.658919
-73.831433	40.609635
-73.753988	40.593207
-73.655421	40.626063
-73.566241	40.668306
-73.467674	40.694121
-73.423084	40.694121
-73.336251	40.710549
-73.225950	40.726977
-73.136770	40.743405
-73.005347	40.776260
-72.883312	40.792688
-72.794132	40.802076
-72.650975	40.827891
-72.573530	40.827891
-72.453841	40.867787
-72.430373	40.877174
-72.385783	40.902989
-72.310684	40.910030
-72.176914	40.952273
-72.045492	41.001557
-71.956312	41.036759
-71.935190	41.043800
-71.979780	41.043800
-72.078347	41.060227
-72.144059	41.060227
-72.233238	41.027372
-72.298950	41.010944
-72.385783	40.952273
-72.507818	40.935845
-72.486697	40.978088
-72.409251	41.036759
-72.331806	41.086043
-72.254360	41.128286
-72.209770	41.177569
-72.200383	41.193997
NA NA
-82.132189	45.892361
-82.176779	45.875933
-82.352792	45.906442
-82.519417	45.899401
-82.650840	45.852465
-82.793997	45.892361
-82.960622	45.906442
-83.047455	45.906442
-83.181224	45.892361
-83.136634	45.821956
-83.005212	45.784407
-82.793997	45.744510
-82.662574	45.714001
-82.573394	45.660024
-82.387994	45.652984
-82.242490	45.591966
-82.021888	45.559110
-81.946789	45.545029
-81.824754	45.568498
-81.813019	45.582579
-81.747308	45.652984
-81.702718	45.730429
-81.660475	45.791447
-81.669862	45.859505
-81.759042	45.852465
-81.791898	45.730429
-81.791898	45.676452
-81.845875	45.613088
-81.902199	45.622475
-81.869343	45.699920
-81.869343	45.791447
-81.869343	45.859505
-81.923321	45.946338
-82.045356	45.946338
-82.111067	45.899401
-82.132189	45.892361
NA NA
-79.707908	42.876678
-80.050546	42.827394
-80.259415	42.761683
-80.381450	42.681890
-80.545728	42.576283
-80.754597	42.625566
-81.130090	42.672503
-81.472728	42.592711
-81.571295	42.552815
-81.648741	42.503531
-81.747308	42.381496
-81.791898	42.306397
-81.845875	42.322825
-82.057090	42.266501
-82.167392	42.184361
-82.352792	42.102222
-82.453705	42.029470
-82.463093	41.963759
-82.552272	41.980187
-82.740019	42.003655
-82.838586	41.980187
-83.103779	42.003655
-83.136634	41.996615
-83.258670	41.888660
-83.378358	41.806521
-83.455804	41.724382
-83.192958	41.642243
-83.059189	41.557756
-82.972356	41.534288
-82.838586	41.541329
-82.793997	41.492045
-82.674308	41.475617
-82.453705	41.452149
-82.265959	41.492045
-82.111067	41.534288
-81.956176	41.524901
-81.813019	41.534288
-81.681597	41.592959
-81.493850	41.682139
-81.338959	41.757237
-81.174680	41.829989
-81.031523	41.881620
-80.820308	41.947331
-80.656030	41.980187
-80.456549	42.036511
-80.313392	42.078754
-80.160847	42.174974
NA NA
-82.573394	42.625566
-82.662574	42.625566
-82.793997	42.625566
-82.904298	42.543427
-82.939500	42.470675
-82.939500	42.381496
-82.904298	42.332212
-82.850321	42.315784
-82.805731	42.306397
-82.718898	42.299356
-82.641452	42.306397
-82.552272	42.315784
-82.486561	42.339253
-82.453705	42.404964
-82.441971	42.444860
-82.463093	42.487103
-82.507683	42.494144
-82.552272	42.526999
-82.573394	42.592711
-82.573394	42.625566
NA NA
-82.463093	43.062078
-82.420850	43.094933
-82.420850	43.101974
-82.397381	43.101974
-82.265959	43.085546
-82.176779	43.151258
-82.132189	43.224009
-81.967911	43.231050
-81.813019	43.360126
-81.747308	43.576035
-81.759042	43.784903
-81.803632	43.998465
-81.791898	44.158050
-81.702718	44.261311
-81.559561	44.427936
-81.472728	44.528850
-81.404670	44.639151
-81.395283	44.733024
-81.395283	44.826898
-81.428138	44.913731
-81.460994	44.991176
-81.505584	45.054541
-81.550174	45.124946
-81.559561	45.164842
-81.625273	45.188310
-81.669862	45.256369
-81.637007	45.279837
-81.538440	45.265756
-81.428138	45.242288
-81.350693	45.242288
-81.338959	45.164842
-81.306103	45.070969
-81.240392	44.977095
-81.219270	44.930159
-81.195802	44.906690
-81.186414	44.906690
-81.151212	44.899650
-81.097235	44.953627
-81.052645	44.977095
-81.031523	44.984136
-81.040911	44.937199
-81.052645	44.873834
-81.064379	44.819857
-81.064379	44.796389
-81.031523	44.796389
-80.986933	44.796389
-80.954078	44.695475
-80.954078	44.615683
-80.930609	44.639151
-80.843777	44.695475
-80.810921	44.725984
-80.766331	44.742412
-80.710007	44.686088
-80.677151	44.632110
-80.578584	44.592214
-80.357982	44.538237
-80.181969	44.528850
-80.092789	44.538237
-80.017691	44.615683
-80.017691	44.679047
-80.038812	44.725984
-80.104523	44.803429
-80.083402	44.859753
-80.038812	44.873834
NA NA
-79.928511	44.977095
-80.005956	45.070969
-80.071668	45.131986
-80.017691	45.171883
-80.071668	45.279837
-80.059934	45.373710
-80.170235	45.380751
-80.292270	45.420647
-80.381450	45.512174
-80.557463	45.613088
-80.623174	45.744510
-80.656030	45.852465
-80.710007	45.875933
-80.832042	45.922870
-81.031523	45.946338
-81.186414	45.976847
-81.362427	45.990928
-81.482116	45.983888
-81.583030	45.960419
-81.615885	46.021437
-81.615885	46.082455
-81.660475	46.082455
-81.681597	46.068374
-81.845875	46.061333
-82.099333	46.082455
-82.287080	46.112963
-82.420850	46.129391
-82.519417	46.159900
-82.585128	46.143472
-82.707164	46.159900
-82.793997	46.213877
-82.904298	46.197450
-83.014599	46.183369
-83.059189	46.159900
-83.082657	46.152860
-83.192958	46.166941
-83.378358	46.220918
-83.566105	46.281936
-83.655285	46.298363
-83.798442	46.335913
-83.941599	46.328872
-84.030779	46.319485
-84.105877	46.298363
-84.129346	46.288976
-84.141080	46.389890
-84.195057	46.441520
-84.227913	46.481417
-84.239647	46.509579
-84.251381	46.533047
-84.293624	46.570596
-84.349948	46.601105
-84.371070	46.587024
-84.382804	46.556515
-84.394538	46.549475
-84.382804	46.549475
-84.394538	46.533047
-84.382804	46.488457
-84.338214	46.441520
-84.326480	46.380503
-84.284237	46.319485
-84.284237	46.265508
-84.272503	46.213877
-84.272503	46.173981
-84.227913	46.152860
-84.162201	46.129391
-84.129346	46.091842
-84.096490	46.061333
-84.007310	46.021437
-83.986189	45.983888
-83.995576	45.976847
-84.117612	45.976847
-84.150467	45.967460
-84.162201	45.967460
-84.260768	45.953379
-84.382804	45.936951
-84.448515	45.913482
-84.525961	45.983888
-84.615141	46.021437
-84.657384	45.967460
-84.680852	45.875933
-84.824009	45.875933
-84.901454	45.946338
-84.955432	45.967460
-84.967166	45.967460
-85.143178	46.037865
-85.363781	46.075414
-85.584383	46.044905
-85.706419	45.936951
-85.992733	45.913482
-86.246191	45.859505
-86.356492	45.791447
-86.443325	45.714001
-86.565361	45.622475
-86.663928	45.613088
-86.663928	45.744510
-86.654540	45.859505
-86.785963	45.784407
-86.929120	45.737470
-86.985444	45.744510
-87.170844	45.599007
-87.316348	45.413607
-87.492360	45.225860
-87.590928	45.085050
-87.701229	44.953627
-87.823264	44.873834
-87.865507	44.812817
-87.921831	44.725984
-87.999277	44.608642
-87.999277	44.545278
-87.910097	44.615683
-87.778674	44.695475
-87.579193	44.819857
-87.447771	44.836285
-87.403181	44.946586
-87.391447	45.054541
-87.281145	45.155455
-87.137988	45.256369
-87.095745	45.141374
-87.161457	45.031072
-87.238902	44.890262
-87.316348	44.789348
-87.403181	44.695475
-87.501748	44.528850
-87.546338	44.355184
-87.546338	44.237842
-87.602662	44.111113
-87.656639	43.991424
-87.701229	43.848268
-87.712963	43.672255
-87.799796	43.529098
-87.865507	43.400022
-87.921831	43.224009
-87.910097	42.998713
-87.888976	42.883718
-87.844386	42.761683
-87.832652	42.649035
-87.856120	42.494144
-87.844386	42.348640
-87.844386	42.282929
-87.778674	42.135078
-87.689495	41.980187
-87.623783	41.806521
-87.558072	41.731422
-87.480626	41.698567
-87.358591	41.665711
-87.206047	41.658670
-87.051155	41.740810
-86.851674	41.829989
-86.785963	41.855805
-86.708518	41.898048
-86.675662	42.013042
-86.577095	42.151506
-86.478528	42.289969
-86.368226	42.503531
-86.323637	42.576283
-86.300168	42.641994
-86.279047	42.860250
-86.267313	43.101974
-86.323637	43.224009
-86.433938	43.353085
-86.511383	43.529098
-86.553626	43.632359
-86.565361	43.665214
-86.511383	43.791944
-86.466793	43.951528
-86.422204	44.197946
-86.323637	44.254270
-86.344758	44.301207
-86.323637	44.465485
-86.290781	44.552318
-86.290781	44.561705
-86.290781	44.585174
-86.290781	44.632110
-86.290781	44.686088
-86.189867	44.772921
-86.157011	44.890262
-86.046710	44.946586
-85.915287	45.000564
-85.816720	45.078009
-85.727540	45.117905
-85.682951	45.047500
-85.673563	44.970055
-85.661829	44.873834
-85.638361	44.836285
-85.572649	44.913731
-85.485816	44.937199
-85.452961	45.078009
-85.452961	45.218819
-85.441227	45.256369
-85.274601	45.279837
-85.032877	45.350242
-85.000022	45.390138
-85.089201	45.474624
-85.110323	45.545029
-85.110323	45.613088
-85.044611	45.667065
-85.011756	45.699920
-84.922576	45.714001
-84.800541	45.714001
-84.701973	45.690533
-84.591672	45.667065
-84.558817	45.643596
-84.436781	45.660024
-84.338214	45.629515
-84.239647	45.575538
-84.105877	45.498093
-84.019044	45.474624
-83.908743	45.413607
-83.885275	45.404219
-83.875888	45.404219
-83.786708	45.390138
-83.631817	45.336161
-83.512128	45.256369
-83.434683	45.164842
-83.390093	45.085050
-83.422948	45.078009
-83.479272	45.024032
-83.467538	44.923118
-83.411214	44.836285
-83.368971	44.695475
-83.336115	44.561705
-83.336115	44.427936
-83.378358	44.348143
-83.488660	44.261311
-83.566105	44.134581
-83.676407	44.064176
-83.819563	43.984384
-83.908743	43.855308
-83.953333	43.735619
-83.908743	43.681642
-83.786708	43.648787
-83.676407	43.681642
-83.544984	43.745007
-83.455804	43.888164
-83.422948	43.951528
-83.390093	43.974997
-83.291526	44.007852
-83.092045	44.064176
-82.939500	44.078257
-82.829199	43.967956
-82.718898	43.824799
-82.641452	43.672255
-82.629718	43.519711
-82.608597	43.383594
-82.573394	43.240437
-82.519417	43.127789
-82.463093	43.062078
NA NA
-84.525961	46.488457
-84.481371	46.495498
-84.481371	46.509579
-84.537695	46.526006
-84.558817	46.624574
-84.493105	46.723141
-84.547082	46.706713
-84.570551	46.774771
-84.460249	46.859257
-84.460249	46.873338
-84.701973	46.964865
-84.767685	47.129143
-84.680852	47.333318
-84.955432	47.556267
-85.011756	47.645447
-84.978900	47.861356
-84.922576	47.995125
-85.044611	47.971657
-85.176034	47.964616
-85.352047	47.943495
-85.506938	47.943495
-85.748662	47.936454
-85.959877	48.039715
-86.147624	48.311948
-86.234457	48.436330
-86.344758	48.633464
-86.433938	48.727338
-86.466793	48.727338
-86.499649	48.736725
-86.588829	48.727338
-86.818819	48.786009
-87.095745	48.786009
-87.095745	48.311948
-87.447771	48.851720
-87.832652	48.945593
-88.086110	48.997224
-88.175289	48.959674
-88.196411	48.924472
-88.196411	48.844680
-88.175289	48.685095
-88.208145	48.640505
-88.297325	48.605302
-88.363036	48.574793
-88.449869	48.464492
-88.517927	48.436330
-88.560170	48.523163
-88.473338	48.640505
-88.417013	48.750806
-88.440482	48.816518
-88.527315	48.713257
-88.604760	48.581834
-88.703327	48.422249
-88.747917	48.377659
-88.858218	48.347150
-88.902808	48.450411
-88.891074	48.581834
-89.001375	48.502042
-89.144532	48.384700
-89.254834	48.194606
-89.332279	48.157057
-89.365135	48.098386
-89.409725	48.084305
-89.520026	48.060837
-89.609206	48.016247
-89.618593	48.016247
-89.630327	48.016247
-89.752363	47.981044
-89.928375	47.875437
NA NA
-90.071532	46.662123
-89.862664	46.774771
-89.642061	46.828748
-89.365135	46.866298
-89.168001	46.971905
-88.968520	47.047004
-88.747917	47.220670
-88.473338	47.347399
-88.264469	47.422497
-88.064988	47.467087
-87.865507	47.474128
-87.823264	47.467087
-87.823264	47.445966
-87.832652	47.408416
-87.999277	47.326277
-88.130700	47.227710
-88.297325	47.084553
-88.417013	47.039963
-88.506193	46.957824
-88.527315	46.805280
-88.517927	46.753649
-88.374770	46.852217
-88.285591	46.835789
-88.187024	46.842829
-87.999277	46.873338
-87.865507	46.828748
-87.778674	46.798239
-87.668373	46.746609
-87.558072	46.624574
-87.426649	46.526006
-87.349203	46.481417
-87.182578	46.502538
-87.006566	46.481417
-86.851674	46.457948
-86.764842	46.448561
-86.741373	46.441520
-86.642806	46.464989
-86.520771	46.563556
-86.356492	46.601105
-86.180480	46.678551
-85.969264	46.669163
-85.760396	46.662123
-85.617239	46.669163
-85.462348	46.692632
-85.286335	46.760690
-85.131444	46.753649
-85.089201	46.685591
-85.089201	46.549475
-84.967166	46.502538
-84.922576	46.488457
-84.791153	46.464989
-84.680852	46.481417
-84.615141	46.481417
-84.579938	46.481417
-84.525961	46.488457
NA NA
-89.928375	47.875437
-90.170099	47.727586
-90.524471	47.638406
-90.843641	47.474128
-91.075978	47.347399
-91.296580	47.220670
-91.472593	47.100981
-91.726051	46.950784
-91.979509	46.798239
-92.110932	46.699672
-92.033486	46.617533
-91.878595	46.601105
-91.648605	46.638655
-91.428003	46.737222
-91.251990	46.814667
-91.097099	46.873338
-90.975064	46.927315
-90.864763	46.852217
-90.855375	46.737222
-90.909352	46.594065
-90.888231	46.563556
-90.810785	46.617533
-90.655894	46.594065
-90.479882	46.579984
-90.214689	46.601105
-90.071532	46.662123
NA NA
-113.082251	41.745503
-113.061129	41.736116
-113.061129	41.745503
-112.971949	41.710301
-112.906238	41.670405
-112.896851	41.761931
-112.840527	41.745503
-112.784203	41.686832
-112.697370	41.693873
-112.641046	41.670405
-112.664514	41.562450
-112.718491	41.463883
-112.697370	41.414600
-112.598803	41.421640
-112.476767	41.330113
-112.387587	41.346541
-112.375853	41.454496
-112.375853	41.522554
-112.342998	41.529594
-112.310142	41.571837
-112.244431	41.562450
-112.178719	41.571837
-112.122395	41.555410
-112.101274	41.503779
-112.012094	41.487351
-111.979238	41.431027
-112.002707	41.395825
-112.077805	41.372356
-112.166985	41.323073
-112.155251	41.198691
-112.077805	41.097777
-111.946382	41.064921
-111.868937	40.980435
-111.913527	40.964007
-111.958117	40.872481
-111.946382	40.804422
-112.012094	40.764526
-112.089539	40.712896
-112.199841	40.696468
-112.289020	40.780954
-112.342998	40.830238
-112.342998	40.881868
-112.387587	40.905336
-112.443912	40.846665
-112.554213	40.980435
-112.631658	41.006250
-112.763081	41.140020
-112.795937	41.198691
-112.784203	41.323073
-112.861648	41.355929
-112.939094	41.454496
-112.995418	41.529594
-113.049395	41.588265
-113.072863	41.661017
-113.082251	41.719688
-113.082251	41.745503
NA NA
-125.304568	50.041565
-125.173145	49.957079
-125.039376	49.856165
-124.907953	49.757598
-124.884485	49.720049
-124.907953	49.663725
-124.875097	49.593320
-124.807039	49.541690
-124.729593	49.513528
-124.586436	49.433735
-124.422158	49.384452
-124.255533	49.377411
-124.166353	49.318740
-124.046664	49.290578
-123.945750	49.231907
-123.858918	49.175583
-123.781472	49.116912
-123.736882	49.053548
-123.725148	49.015999
-123.647702	48.929166
-123.593725	48.849373
-123.581991	48.783662
-123.528014	48.668667
-123.471690	48.609996
-123.450568	48.631118
-123.427100	48.682748
-123.361389	48.600609
-123.316799	48.520816
-123.361389	48.506735
-123.394244	48.426943
-123.516280	48.358885
-123.647702	48.368272
-123.715761	48.382353
-123.847183	48.410515
-123.969219	48.448064
-124.100642	48.499695
-124.255533	48.551325
-124.288388	48.565406
-124.288388	48.593568
-124.377568	48.617037
-124.487869	48.579487
-124.654495	48.638158
-124.753062	48.659280
-124.753062	48.717950
-124.687350	48.776621
-124.654495	48.842333
-124.708472	48.828252
-124.753062	48.755500
-124.863363	48.732031
-125.027641	48.821211
-125.062844	48.870495
-125.072231	48.936206
-124.973664	48.950287
-124.875097	49.023039
-124.973664	49.030080
-125.095700	49.074669
-125.194267	49.001917
-125.316302	49.023039
-125.536905	48.987836
-125.724652	49.088750
-125.647206	49.081710
-125.471193	49.102831
-125.536905	49.189664
-125.626084	49.231907
-125.724652	49.304659
-125.802097	49.311700
-125.924133	49.318740
-125.966376	49.384452
-126.154122	49.440776
-126.222181	49.433735
-126.353603	49.433735
-126.442783	49.447816
-126.508494	49.562811
-126.520229	49.586279
-126.431049	49.628522
-126.198712	49.621482
-125.989844	49.677806
-126.177591	49.734130
-126.341869	49.705968
-126.386459	49.743517
-126.419315	49.806882
-126.529616	49.750558
-126.607062	49.863206
-126.717363	49.919530
-126.783074	49.942998
-126.839398	49.919530
-126.893375	49.971160
-127.027145	49.898409
-127.158568	49.971160
NA NA
-122.786414	49.044161
-122.831004	49.060588
-122.863860	49.074669
-122.908449	49.088750
-122.997629	49.074669
-123.018751	49.102831
-122.997629	49.147421
-122.920184	49.161502
-122.798148	49.196705
-122.687847	49.203745
-122.577546	49.189664
-122.601014	49.248335
-122.654991	49.248335
-122.676113	49.283538
-122.711315	49.297619
-122.765292	49.276497
-122.831004	49.262416
-122.941305	49.248335
-123.042219	49.248335
-123.152520	49.269457
-123.173642	49.304659
-123.161908	49.318740
-123.173642	49.332821
-123.206497	49.377411
-123.206497	49.412614
-123.161908	49.433735
-123.161908	49.499447
-123.152520	49.562811
-123.152520	49.713009
-123.239353	49.734130
-123.251087	49.670766
-123.340267	49.607401
-123.405978	49.576892
-123.459956	49.520568
-123.516280	49.447816
-123.614847	49.464244
-123.659437	49.548730
-123.659437	49.593320
-123.626581	49.663725
-123.605459	49.713009
-123.682905	49.713009
-123.736882	49.713009
-123.736882	49.778720
-123.781472	49.778720
-123.793206	49.806882
-123.826062	49.842084
-123.814328	49.891368
-123.903507	49.957079
NA NA
-123.980953	50.027484
-123.936363	49.926571
-123.945750	49.870246
-124.023196	49.926571
-124.056052	49.964120
-124.067786	49.933611
-124.079520	49.919530
-124.124110	49.856165
-124.189821	49.820963
-124.279001	49.813922
-124.344712	49.820963
-124.410424	49.828003
-124.487869	49.863206
-124.577049	49.905449
-124.654495	49.964120
NA NA
-123.912895	39.980683
-123.969219	40.048741
-124.002075	40.098025
-124.091254	40.201286
-124.189821	40.292812
-124.267267	40.328015
-124.267267	40.410154
-124.246145	40.536883
-124.178087	40.611982
-124.091254	40.729324
-124.013809	40.830238
-124.023196	40.940539
-124.056052	40.931151
-124.023196	40.973395
-124.013809	41.048493
-124.013809	41.163488
-123.980953	41.339501
-123.980953	41.480311
-124.046664	41.637549
-124.112376	41.794787
-124.133497	41.966106
-124.189821	42.064673
-124.234411	42.156199
-124.311857	42.301703
-124.321244	42.458941
-124.344712	42.644341
-124.398690	42.799232
-124.398690	42.911880
-124.344712	43.057384
-124.300123	43.235744
-124.210943	43.381247
-124.100642	43.428184
-124.124110	43.533792
-124.166353	43.533792
-124.145231	43.597156
-124.100642	43.683989
-124.056052	43.820106
-124.034930	43.932754
-124.023196	44.052442
-124.013809	44.169784
-123.980953	44.312941
-123.980953	44.383346
-123.990340	44.446711
-123.990340	44.549971
-123.990340	44.690781
-123.990340	44.831591
-123.924629	44.988829
-123.912895	45.035766
-123.903507	45.167189
-123.903507	45.307999
-123.891773	45.432381
-123.835449	45.540336
-123.858918	45.594313
-123.858918	45.695227
-123.826062	45.779713
-123.880039	45.789100
-123.903507	45.850118
-123.891773	45.965113
-123.880039	46.033171
-123.868305	46.134085
-123.793206	46.188062
-123.638315	46.188062
-123.483424	46.202143
-123.340267	46.202143
-123.229966	46.157553
-123.173642	46.188062
-123.206497	46.232652
-123.295677	46.239693
-123.384857	46.286629
-123.450568	46.324179
-123.549135	46.317138
-123.682905	46.317138
-123.802594	46.310098
-123.880039	46.324179
-123.945750	46.361728
-123.990340	46.422746
-124.002075	46.568249
-124.002075	46.666817
-123.924629	46.622227
-123.912895	46.537741
-123.912895	46.469682
-123.858918	46.453255
-123.814328	46.476723
-123.802594	46.483763
-123.826062	46.544781
-123.835449	46.643348
-123.814328	46.727834
-123.835449	46.772424
-123.924629	46.765384
-124.002075	46.795892
-124.013809	46.878032
-123.936363	46.983639
-123.924629	47.037616
-123.990340	47.105675
-124.046664	47.075166
-124.091254	47.014148
-124.124110	47.089247
-124.156966	47.157305
-124.178087	47.262913
-124.210943	47.328624
-124.246145	47.420151
-124.267267	47.523411
-124.300123	47.612591
-124.356447	47.711158
-124.443280	47.828500
-124.544193	47.917680
-124.619292	47.999819
-124.663882	48.096039
-124.663882	48.227462
-124.619292	48.337763
-124.598171	48.382353
-124.544193	48.419902
-124.455014	48.396434
-124.344712	48.344804
-124.222677	48.323682
-124.145231	48.309601
-124.023196	48.272052
-123.903507	48.241543
-123.793206	48.213381
-123.647702	48.220421
-123.516280	48.199300
-123.361389	48.192259
-123.239353	48.192259
-123.206497	48.199300
-123.152520	48.199300
-123.009363	48.154710
-122.899062	48.117161
-122.765292	48.154710
-122.666725	48.138282
-122.633870	48.020940
-122.676113	47.917680
-122.798148	47.844928
-122.908449	47.701771
-123.009363	47.568001
-122.985895	47.403723
-122.854472	47.434232
-122.831004	47.509330
-122.908449	47.509330
-122.899062	47.523411
-122.798148	47.612591
-122.699581	47.657181
-122.577546	47.755748
-122.523568	47.859009
-122.434389	47.887171
-122.356943	47.880130
-122.324087	47.814419
-122.291232	47.790951
-122.279498	47.873090
-122.258376	47.924720
-122.258376	48.013900
-122.258376	48.058490
-122.246642	48.110120
-122.279498	48.182872
-122.291232	48.220421
-122.302966	48.227462
-122.335822	48.286133
-122.356943	48.316642
-122.368677	48.344804
-122.378065	48.375313
-122.413267	48.403475
-122.467244	48.410515
-122.488366	48.419902
-122.500100	48.433983
-122.556424	48.462145
-122.556424	48.485614
-122.488366	48.513776
-122.478979	48.520816
-122.455510	48.586528
-122.422654	48.579487
-122.422654	48.652239
-122.413267	48.717950
-122.345209	48.732031
-122.267763	48.696829
-122.267763	48.710910
-122.324087	48.755500
-122.413267	48.776621
-122.523568	48.790702
-122.601014	48.769581
-122.643257	48.821211
-122.699581	48.863454
-122.744171	48.929166
-122.765292	48.966715
-122.744171	49.001917
-122.753558	49.023039
-122.798148	49.030080
-122.798148	49.044161
NA NA
-65.000000	50.281553
-65.098860	50.297370
-65.331196	50.304411
-65.638632	50.276249
-65.882703	50.297370
-66.025860	50.255127
-66.136161	50.255127
-66.255849	50.255127
-66.345029	50.219925
-66.377885	50.135439
-66.553897	50.156560
-66.732257	50.072074
NA NA
-80.038812	51.184474
-79.895655	51.123456
-79.773620	51.053051
-79.707908	51.074173
-79.729030	51.233758
-79.761886	51.393342
-79.719642	51.454360
-79.597607	51.454360
-79.564751	51.529459
-79.564751	51.578742
-79.729030	51.433239
-79.740764	51.440279
-79.663318	51.454360
-79.630463	51.503644
-79.553017	51.604558
-79.409860	51.632720
-79.278437	51.625679
-79.278437	51.571702
-79.046101	51.475482
-79.001511	51.337018
-78.992124	51.247839
-78.881822	51.268960
-78.748053	51.329978
-78.748053	51.398036
-78.682341	51.447320
-78.661220	51.522418
-78.804377	51.564661
-78.914678	51.653841
-79.013245	51.750061
-79.046101	51.832201
-78.935800	51.836894
-78.813764	51.850975
-78.804377	51.904953
-78.661220	51.968317
-78.583774	52.083312
-78.506329	52.156064
-78.461739	52.184226
-78.396027	52.212388
-78.264605	52.205347
-78.053390	52.191266
-77.921967	52.224122
-77.943088	52.271059
-78.011147	52.266365
-78.086245	52.259325
-78.220015	52.238203
-78.363172	52.252284
-78.494595	52.313302
-78.539184	52.421256
-78.583774	52.475233
-78.604896	52.482274
-78.715197	52.508089
-78.780908	52.634818
-78.825498	52.709917
-78.771521	52.749813
-78.748053	52.808484
-78.825498	52.841340
-78.846620	52.989190
-78.870088	53.087757
-78.891210	53.214487
-78.902944	53.327135
-78.947534	53.432742
-78.956921	53.510188
-78.956921	53.622836
-78.968655	53.714362
-78.947534	53.798848
-78.968655	53.857519
-78.992124	53.942005
-79.046101	54.052307
-79.189258	54.155567
-79.266703	54.270562
-79.365270	54.373823
-79.409860	54.439534
-79.499040	54.502899
-79.642197	54.528714
NA NA
-79.642197	54.528714
-79.729030	54.554529
-79.719642	54.554529
-79.597607	54.599119
-79.388739	54.643709
-79.156402	54.721155
-78.902944	54.829109
-78.637751	54.904208
-78.446168	55.000000
NA NA
-85.569585	55.000000
-85.661829	54.904208
-85.727540	54.815028
-85.617239	54.922983
-85.521361	55.000000
NA NA
-82.336206	55.000000
-82.319936	54.955838
-82.287080	54.866658
-82.298814	54.700033
-82.331670	54.509940
-82.409116	54.310459
-82.430237	54.115671
-82.331670	54.005370
-82.277693	53.876294
-82.277693	53.634570
-82.242490	53.425702
-82.221369	53.273157
-82.319936	53.181631
-82.343404	52.989190
-82.254224	52.888276
-82.167392	52.855421
-82.132189	52.782669
-81.979645	52.670021
-81.824754	52.616044
-81.669862	52.529211
-81.592417	52.407175
-81.449260	52.285140
-81.449260	52.266365
-81.693331	52.245244
-81.869343	52.184226
-82.057090	52.116168
-82.155657	52.055150
-82.143923	52.041069
-82.033622	52.062190
-81.923321	52.090353
-81.747308	52.102087
-81.693331	52.109127
-81.550174	52.144330
-81.371814	52.130249
-81.240392	52.083312
-81.118356	52.008213
-81.008055	51.933115
-80.820308	51.832201
-80.710007	51.754755
-80.623174	51.653841
-80.590318	51.529459
-80.545728	51.440279
-80.611440	51.351099
-80.745209	51.268960
-80.876632	51.184474
-81.052645	51.074173
-81.141825	51.010808
-81.031523	51.053051
-80.897754	51.123456
-80.721741	51.191515
-80.599706	51.247839
-80.512873	51.315897
-80.414306	51.322937
-80.292270	51.261920
-80.181969	51.198555
-80.038812	51.184474
NA NA
-82.021888	53.108879
-81.857609	53.127654
-81.714452	53.141735
-81.669862	53.155816
-81.538440	53.174590
-81.395283	53.134694
-81.296716	53.115919
-81.097235	53.108879
-80.975199	53.036127
-80.897754	52.928173
-80.864898	52.815525
-80.778065	52.695836
-80.799187	52.648899
-80.954078	52.716957
-81.141825	52.716957
-81.338959	52.801444
-81.526706	52.888276
-81.681597	52.916438
-81.857609	52.923479
-81.956176	52.956335
-82.045356	52.975109
-82.122802	52.996231
-82.078212	53.040821
-82.021888	53.108879
NA NA
-98.003835	54.315152
-97.980367	54.315152
-97.926389	54.348008
-97.881800	54.340967
-97.881800	54.296378
-97.837210	54.251788
-97.837210	54.211891
-97.959245	54.122712
-98.046078	53.979555
-97.935777	53.960780
-97.816088	54.071081
-97.637729	54.089856
-97.560283	53.972514
-97.595486	53.965474
-97.705787	53.960780
-97.780886	53.913843
-97.780886	53.829357
-97.771498	53.744871
-97.738643	53.672119
-97.738643	53.634570
-97.661197	53.561818
-97.595486	53.430395
-97.583751	53.324788
-97.572017	53.205099
-97.473450	53.153469
-97.372536	53.092451
-97.262235	52.993884
-97.285703	52.975109
-97.306825	52.914092
-97.273969	52.787363
-97.241114	52.674714
-97.184790	52.592575
-97.130812	52.533904
-97.065101	52.458806
-97.041633	52.379013
-97.032245	52.310955
-97.032245	52.249937
-97.041633	52.174839
-96.964187	52.109127
-96.853886	52.048109
-96.776440	51.980051
-96.767053	51.937808
-96.767053	51.883831
-96.743585	51.794651
-96.666139	51.726593
-96.579306	51.672616
-96.513595	51.597517
-96.445536	51.541193
-96.445536	51.534153
-96.412681	51.508337
-96.314114	51.437932
-96.224934	51.341712
-96.138101	51.245492
-96.138101	51.189168
-96.170957	51.135191
-96.248402	51.078867
-96.269524	51.003768
-96.236668	50.869998
-96.281258	50.738575
-96.314114	50.640008
-96.335235	50.583684
-96.501860	50.640008
-96.546450	50.513279
-96.588693	50.407672
-96.710729	50.372469
-96.811643	50.379510
-96.865620	50.520320
-96.921944	50.696332
-96.910210	50.808981
-96.877354	50.926322
-96.821030	51.050705
-96.689607	51.149272
-96.579306	51.259573
-96.600428	51.294775
-96.633283	51.245492
-96.701341	51.217330
-96.799909	51.196208
-96.799909	51.376915
-96.689607	51.534153
-96.677873	51.623332
-96.755319	51.691391
-96.853886	51.747715
-96.975921	51.719553
-97.032245	51.630373
-97.053367	51.480175
-97.184790	51.466094
-97.330293	51.644454
-97.318559	51.761796
-97.273969	51.843935
-97.583751	52.012907
-97.583751	52.019947
-97.560283	52.041069
-97.539162	52.088006
-97.572017	52.134942
-97.705787	52.127902
-97.715174	52.059844
-97.726908	51.991785
-97.726908	51.958930
-97.726908	51.904953
-97.816088	51.876791
-98.057812	51.923727
-98.102402	52.034028
-98.102402	52.188920
-98.123524	52.310955
-98.257293	52.325036
-98.367594	52.379013
-98.412184	52.386054
-98.421572	52.386054
-98.421572	52.444725
-98.489630	52.505742
-98.621053	52.559720
-98.731354	52.627778
-98.743088	52.761547
-98.808799	52.907051
-98.743088	52.953988
-98.531873	52.975109
-98.466162	53.054902
-98.632787	53.059595
-98.808799	53.059595
-98.940222	53.054902
-98.975425	53.066636
-98.984812	53.139388
-99.160825	53.167550
-99.184293	53.284892
-99.205415	53.397540
-99.184293	53.416314
-99.160825	53.489066
-99.085726	53.528962
-99.029402	53.580593
-98.996546	53.667426
-98.996546	53.751912
-98.930835	53.770686
-98.886245	53.817623
-98.752475	53.855173
-98.677377	53.843438
-98.710232	53.784767
-98.576463	53.784767
-98.445040	53.789461
-98.257293	53.763646
-98.102402	53.719056
-97.968632	53.686200
-97.926389	53.700281
-97.947511	53.796502
-98.081281	53.843438
-98.179848	53.906803
-98.212703	54.012410
-98.168113	54.089856
-98.135258	54.148527
-98.090668	54.218932
-98.156379	54.179036
-98.200969	54.200157
-98.191582	54.263522
-98.200969	54.308112
-98.388716	54.270562
-98.564729	54.270562
-98.588197	54.333927
-98.477896	54.359742
-98.388716	54.385557
-98.301883	54.404332
-98.191582	54.404332
-98.114136	54.418413
-98.036691	54.399638
-98.036691	54.355048
-98.036691	54.308112
-98.003835	54.315152
-97.959245	54.348008
NA NA
-130.000000	53.474462
-129.963036	53.449170
-129.897324	53.350603
-129.843347	53.273157
-129.831613	53.200406
-129.897324	53.200406
-129.974770	53.273157
NA NA
-129.819879	53.660385
-129.787023	53.667426
-129.775289	53.667426
-129.763555	53.646304
-129.742433	53.620489
-129.697843	53.587633
-129.632132	53.554778
-129.566421	53.496107
-129.521831	53.456211
-129.521831	53.404580
-129.521831	53.338869
-129.521831	53.284892
-129.587542	53.219180
-129.655600	53.291932
-129.709578	53.364684
-129.754167	53.411621
-129.798757	53.470292
-129.831613	53.521922
-129.864469	53.554778
-129.918446	53.601714
-129.974770	53.634570
NA NA
-130.000000	53.822443
-129.986504	53.817623
-129.953648	53.789461
-129.918446	53.751912
-129.876203	53.704975
-129.843347	53.686200
-129.819879	53.660385
NA NA
-129.235517	52.867155
-129.223783	52.867155
-129.202661	52.867155
-129.179193	52.853074
-129.146337	52.794403
-129.101747	52.747466
-129.059504	52.714611
-129.014914	52.653593
-129.003180	52.592575
-129.003180	52.559720
-129.068892	52.580841
-129.146337	52.639512
-129.179193	52.693489
-129.256638	52.773282
-129.256638	52.808484
-129.247251	52.841340
-129.247251	52.860114
-129.235517	52.867155
NA NA
-127.512940	50.421753
-127.480084	50.428793
-127.480084	50.414712
-127.468350	50.428793
-127.512940	50.548482
-127.512940	50.590725
-127.512940	50.647049
-127.733542	50.647049
-127.888434	50.661130
-127.987001	50.731535
-128.064446	50.654089
-128.097302	50.583684
-128.240459	50.625927
-128.341373	50.689292
-128.341373	50.766738
-128.296783	50.823062
-128.198216	50.884079
-128.019856	50.891120
-127.822722	50.855917
-127.656097	50.801940
-127.545796	50.780819
-127.489472	50.780819
-127.325193	50.696332
-127.104591	50.632968
-126.905110	50.583684
-126.717363	50.541441
-126.529616	50.506239
-126.463905	50.506239
-126.353603	50.485117
-126.165857	50.456955
-126.043821	50.428793
-125.912398	50.393591
-125.769241	50.372469
-125.626084	50.365429
-125.536905	50.316145
-125.471193	50.245740
-125.459459	50.210538
-125.447725	50.140133
-125.304568	50.041565
NA NA
-127.158568	49.971160
-127.125712	50.076768
-127.071735	50.140133
-127.125712	50.140133
-127.259482	50.196457
-127.304072	50.104930
-127.313459	50.076768
-127.402639	50.154214
-127.447229	50.203497
-127.524674	50.189416
-127.611507	50.217578
-127.712421	50.133092
-127.799254	50.147173
-127.843844	50.189416
-127.799254	50.245740
-127.799254	50.302064
-127.787520	50.337267
-127.900168	50.379510
-127.909555	50.463996
-127.745277	50.499198
-127.590385	50.485117
-127.534061	50.449915
-127.512940	50.421753
NA NA
-123.903507	49.957079
-123.945750	50.048606
-123.980953	50.027484
NA NA
-124.654495	49.964120
-124.753062	50.041565
-124.785917	50.090849
-124.708472	50.133092
-124.642761	50.168295
-124.619292	50.210538
-124.631026	50.287983
-124.675616	50.344307
-124.654495	50.386550
-124.631026	50.435834
-124.696738	50.449915
-124.762449	50.421753
-124.807039	50.393591
-124.851629	50.386550
-124.917340	50.386550
-124.973664	50.435834
-125.006520	50.513279
-125.018254	50.555522
-125.039376	50.555522
-125.062844	50.555522
-125.128555	50.534401
-125.194267	50.499198
-125.271712	50.485117
-125.370279	50.506239
-125.471193	50.527360
-125.536905	50.492158
-125.602616	50.520320
-125.668327	50.569603
-125.701183	50.513279
-125.769241	50.485117
-125.846687	50.520320
-125.924133	50.527360
-126.043821	50.534401
-126.154122	50.541441
-126.255036	50.548482
-126.386459	50.548482
-126.452170	50.590725
-126.332482	50.611846
-126.222181	50.618887
-126.121267	50.654089
-125.978110	50.668170
-125.933520	50.710413
-126.043821	50.717454
-126.144735	50.717454
-126.121267	50.766738
-126.109532	50.823062
-126.186978	50.841836
-126.276158	50.869998
-126.398193	50.884079
-126.386459	50.898160
-126.264424	50.898160
-126.177591	50.926322
-126.264424	50.996727
-126.419315	51.003768
-126.562472	51.024889
-126.618796	50.982646
-126.684507	50.940403
-126.750218	50.982646
-126.851132	50.989687
-126.949699	50.989687
-127.071735	51.003768
-127.092856	50.947444
-127.048267	50.912241
-127.137446	50.898160
-127.259482	50.933363
-127.379170	50.968565
-127.468350	51.010808
-127.534061	51.024889
-127.545796	51.031930
-127.602120	51.064786
-127.688953	51.135191
-127.733542	51.210289
-127.733542	51.273654
-127.634975	51.306510
-127.512940	51.301816
-127.414373	51.327631
-127.447229	51.376915
-127.489472	51.383955
-127.534061	51.398036
-127.634975	51.390996
-127.733542	51.376915
-127.733542	51.405077
-127.712421	51.430892
-127.611507	51.452013
-127.545796	51.466094
-127.512940	51.487216
-127.402639	51.473135
-127.325193	51.473135
-127.259482	51.501297
-127.313459	51.520072
-127.456616	51.548234
-127.489472	51.590477
-127.435494	51.637413
-127.369783	51.679656
-127.435494	51.719553
-127.447229	51.754755
-127.489472	51.773530
-127.566917	51.719553
-127.611507	51.679656
-127.656097	51.630373
-127.754664	51.609251
-127.810988	51.630373
-127.843844	51.712512
-127.855578	51.768836
-127.855578	51.843935
-127.843844	51.911993
-127.810988	51.958930
-127.810988	51.991785
-127.855578	52.005866
-127.876699	52.041069
-127.876699	52.102087
-127.843844	52.163104
-127.822722	52.224122
-127.855578	52.296874
-127.909555	52.317996
-127.909555	52.397788
-127.942411	52.451765
-128.010469	52.425950
-128.141892	52.386054
-128.219337	52.379013
-128.263927	52.371973
-128.296783	52.371973
-128.273314	52.425950
-128.240459	52.451765
-128.240459	52.505742
-128.285049	52.559720
-128.395350	52.559720
-128.496264	52.545639
-128.571363	52.526864
-128.660542	52.533904
-128.759109	52.538598
-128.794312	52.573801
-128.803699	52.646552
-128.836555	52.726345
-128.892879	52.733385
-128.946856	52.754507
-128.982059	52.787363
-129.024302	52.827259
-129.068892	52.874195
-129.080626	52.935213
-129.113481	52.975109
-129.158071	53.015006
-129.146337	53.059595
-129.101747	53.132347
-129.047770	53.193365
-129.036036	53.252036
-129.036036	53.291932
-129.036036	53.310707
-129.036036	53.331828
-129.047770	53.371725
-129.047770	53.444476
-129.068892	53.470292
-129.113481	53.503147
-129.134603	53.510188
-129.167459	53.489066
-129.223783	53.470292
-129.247251	53.456211
-129.256638	53.430395
-129.301228	53.444476
-129.322350	53.477332
-129.345818	53.477332
-129.357552	53.477332
-129.432651	53.521922
-129.488975	53.573552
-129.554686	53.606408
-129.632132	53.653345
-129.688456	53.704975
-129.721312	53.751912
-129.763555	53.784767
-129.808145	53.817623
-129.864469	53.848132
-129.941914	53.880988
NA NA
-130.000000	54.143694
-129.918446	54.167302
-129.941914	54.230666
NA NA
-129.974770	53.273157
-130.000000	53.292080
NA NA
-129.974770	53.634570
-130.000000	53.652121
NA NA
-129.941914	53.880988
-130.000000	53.910030
NA NA
-129.941914	54.230666
-130.000000	54.227900
